size type  blanks  precomp  comp_time status
3 1 1 0.3590259552 0.0104470252991 Y
3 1 1 0.263615131378 0.00168395042419 Y
3 1 1 0.276224136353 0.0021641254425 Y
3 2 1 0.265429973602 0.00153589248657 Y
3 2 1 0.276650905609 0.00174713134766 Y
3 2 1 0.261157989502 0.00186014175415 Y
3 3 1 0.271075963974 0.00154089927673 Y
3 3 1 0.273246049881 0.00182414054871 Y
3 3 1 0.267867088318 0.00167798995972 Y
3 4 1 0.263913869858 0.00131106376648 Y
3 4 1 0.269319057465 0.00186800956726 Y
3 4 1 0.274652957916 0.002366065979 Y
3 5 1 0.267307043076 0.00131678581238 Y
3 5 1 0.267638921738 0.00115203857422 Y
3 5 1 0.263556957245 0.00224304199219 Y
3 6 1 0.27529501915 0.00132894515991 Y
3 6 1 0.267250061035 0.00161910057068 Y
3 6 1 0.26131105423 0.00203013420105 Y
3 1 2 0.271353006363 0.00436687469482 Y
3 1 2 0.27870798111 0.00375008583069 Y
3 1 2 0.261707782745 0.00416398048401 Y
3 2 2 0.262604951859 0.00312399864197 Y
3 2 2 0.263251066208 0.00399684906006 Y
3 2 2 0.269582033157 0.00467300415039 Y
3 3 2 0.265242099762 0.00254416465759 Y
3 3 2 0.262157917023 0.00359797477722 Y
3 3 2 0.263242959976 0.0046558380127 Y
3 4 2 0.270890951157 0.00269079208374 Y
3 4 2 0.259030103683 0.00322008132935 Y
3 4 2 0.271552085876 0.00432109832764 Y
3 5 2 0.267426013947 0.00246715545654 Y
3 5 2 0.268588066101 0.00332307815552 Y
3 5 2 0.268743991852 0.0049409866333 Y
3 6 2 0.286258935928 0.00343894958496 Y
3 6 2 0.263123035431 0.00386095046997 Y
3 6 2 0.262132167816 0.00510287284851 Y
3 1 3 0.252621889114 0.00722908973694 Y
3 1 3 0.262651920319 0.00908279418945 Y
3 1 3 0.259100914001 0.0128540992737 Y
3 2 3 0.26056098938 0.0069260597229 Y
3 2 3 0.261296033859 0.0142331123352 Y
3 2 3 0.282893896103 0.0351021289825 Y
3 3 3 0.262607097626 0.00605916976929 Y
3 3 3 0.270875930786 0.00958490371704 Y
3 3 3 0.262756824493 0.0167949199677 Y
3 4 3 0.259177207947 0.00706791877747 Y
3 4 3 0.259390115738 0.00842094421387 Y
3 4 3 0.274772167206 0.0119450092316 Y
3 5 3 0.26317691803 0.0167009830475 Y
3 5 3 0.258408069611 0.0195281505585 Y
3 5 3 0.25701212883 0.0298070907593 Y
3 6 3 0.298257112503 0.00556612014771 Y
3 6 3 0.255654811859 0.00954484939575 Y
3 6 3 0.283434152603 0.0233819484711 Y
3 1 4 0.27148604393 0.0351572036743 Y
3 1 4 0.275018930435 0.0306780338287 Y
3 1 4 0.256293058395 0.040796995163 Y
3 2 4 0.254076957703 0.0414290428162 Y
3 2 4 0.261174917221 0.0623729228973 Y
3 2 4 0.267737865448 0.0659248828888 Y
3 3 4 0.260167121887 0.0224981307983 Y
3 3 4 0.26011300087 0.0196349620819 Y
3 3 4 0.256830215454 0.0520739555359 Y
3 4 4 0.258337020874 0.0181930065155 Y
3 4 4 0.256551980972 0.0577728748322 Y
3 4 4 0.258581876755 0.057774066925 Y
3 5 4 0.270875930786 0.0429360866547 Y
3 5 4 0.256292104721 0.0585660934448 Y
3 5 4 0.259267091751 0.0763211250305 Y
3 6 4 0.26515007019 0.0242531299591 Y
3 6 4 0.259935855865 0.034805059433 Y
3 6 4 0.282065153122 0.0584919452667 Y
3 1 5 0.256443977356 0.127397060394 Y
3 1 5 0.263743877411 0.412864923477 Y
3 1 5 0.252835035324 0.71120595932 Y
3 2 5 0.264317035675 0.187353134155 Y
3 2 5 0.260853052139 0.166687965393 Y
3 2 5 0.2504529953 1.05603814125 Y
3 3 5 0.262839078903 0.0807127952576 Y
3 3 5 0.250518083572 0.0847268104553 Y
3 3 5 0.265259027481 0.0945317745209 Y
3 4 5 0.258980989456 0.102034091949 Y
3 4 5 0.254384994507 0.39877986908 Y
3 4 5 0.29220199585 0.60132598877 Y
3 5 5 0.438503026962 0.451554059982 Y
3 5 5 0.450831890106 0.424916982651 Y
3 5 5 0.265999794006 7.96040201187 Y
3 6 5 0.299435853958 0.150387048721 Y
3 6 5 0.263446092606 0.133896112442 Y
3 6 5 0.277266025543 0.220472097397 Y
3 1 6 0.269362926483 50.101364851 N
3 1 6 0.289110898972 186.115801096 N
3 1 6 0.292243003845 309.960640907 N
3 2 6 0.273149013519 2.32088398933 Y
3 2 6 0.258936166763 6.85073304176 Y
3 2 6 0.276148080826 31.9413309097 Y
3 3 6 0.274289131165 0.241553068161 Y
3 3 6 0.246025085449 58.5829429626 Y
3 3 6 0.273176908493 57.503494978 Y
3 4 6 0.279960870743 5.26448988914 Y
3 4 6 0.305489063263 25.4618768692 Y
3 4 6 0.308691978455 38.5561461449 Y
3 5 6 0.28412103653 24.498062849 Y
3 5 6 0.294137954712 24.3462021351 Y
3 5 6 0.300925970078 23.8699100018 Y
3 6 6 0.293195962906 0.280168056488 Y
3 6 6 0.259423017502 7.36919498444 Y
3 6 6 0.308167934418 6.41810703278 Y
3 1 7 0.320628166199 326.271980047 N
3 1 7 0.28999209404 315.732764959 N
3 1 7 0.299301862717 341.194700003 N
3 2 7 0.344631195068 85.6270780563 N
3 2 7 0.294667959213 70.4477939606 N
3 2 7 0.51190495491 68.3047010899 N
3 3 7 0.30510020256 126.897977114 N
3 3 7 0.303977966309 112.08809185 N
size type  blanks  precomp  comp_time status
3 1 7 0.365417957306 0.0129339694977 Y
3 1 7 0.249137878418 0.0141258239746 Y
3 1 7 0.253838062286 0.0346240997314 Y
3 2 7 0.257215976715 0.00501894950867 Y
3 2 7 0.257621049881 0.0100889205933 Y
3 2 7 0.268724918365 0.0241041183472 Y
3 3 7 0.251866102219 0.00572609901428 Y
3 3 7 0.248320817947 0.0183048248291 Y
3 3 7 0.256615877151 0.0777788162231 Y
3 4 7 0.262172937393 0.00385808944702 Y
3 4 7 0.248656988144 0.0120129585266 Y
3 4 7 0.244837999344 0.0584089756012 Y
3 5 7 0.27915096283 0.00389504432678 Y
3 5 7 0.243580102921 0.0117139816284 Y
3 5 7 0.263571977615 0.019660949707 Y
3 6 7 0.251094102859 0.00523209571838 Y
3 6 7 0.281658887863 0.01185297966 Y
3 6 7 0.251918077469 0.037780046463 Y
3 1 8 0.246340990067 0.046569108963 Y
3 1 8 0.241641044617 0.591238975525 Y
3 1 8 0.283797025681 4.63528299332 Y
3 2 8 0.273828029633 0.0327341556549 Y
3 2 8 0.254127979279 0.0552427768707 Y
3 2 8 0.253585100174 0.184674024582 Y
3 3 8 0.248428106308 0.193870067596 Y
3 3 8 0.249691009521 1.45734786987 Y
3 3 8 0.265882968903 8.09675312042 Y
3 4 8 0.304836988449 0.222897052765 Y
3 4 8 0.246716976166 0.978610038757 Y
3 4 8 0.25616979599 7.17197990417 Y
3 5 8 0.309001922607 0.0656719207764 Y
3 5 8 0.248399972916 0.315966844559 Y
3 5 8 0.270015954971 1.46370816231 Y
3 6 8 0.276526927948 0.0779359340668 Y
3 6 8 0.257187128067 0.100747108459 Y
3 6 8 0.251853942871 0.117752075195 Y
3 1 9 0.25567984581 432.77254796 Y
3 1 9 0.261081933975 62.5107820034 N
3 1 9 0.257678985596 63.1607401371 N
3 2 9 0.273785114288 0.226475954056 Y
3 2 9 0.25621008873 0.574089050293 Y
3 2 9 0.247427940369 29.2118358612 Y
3 3 9 0.271925926208 83.8892281055 Y
3 3 9 0.289754867554 416.333850861 Y
3 3 9 0.264821052551 413.269999027 Y
3 4 9 0.274276018143 8.76935195923 Y
3 4 9 0.268563985825 311.14271903 Y
3 4 9 0.300143957138 325.097700119 Y
3 5 9 0.269013881683 10.8181738853 Y
3 5 9 0.261559009552 80.7630970478 Y
3 5 9 0.260301828384 641.14063096 Y
3 6 9 0.280525922775 0.453851938248 Y
3 6 9 0.270375013351 2.17267608643 Y
3 6 9 0.262960195541 3.19866013527 Y
3 1 10 0.27334690094 184.165048838 N
3 1 10 0.276726007462 360.695422888 N
3 1 10 0.261789798737 556.182639122 N
3 2 10 0.285073041916 98.469794035 Y
3 2 10 0.290746927261 685.042175055 Y
3 2 10 0.545642137527 135.38519907 N
3 3 10 0.27932715416 321.585972071 N
3 3 10 0.266195058823 308.762042999 N
3 3 10 0.266985177994 304.240905046 N
3 4 10 0.271895885468 134.591305017 N
3 4 10 0.269440174103 290.727211952 N
size type  blanks  precomp  comp_time status
3 1 10 0.470866918564 0.0274958610535 Y
3 1 10 0.251800060272 0.0457220077515 Y
3 1 10 0.245369911194 0.644258975983 Y
3 2 10 0.264765024185 0.00615286827087 Y
3 2 10 0.244970083237 0.0428750514984 Y
3 2 10 0.251921892166 0.122876882553 Y
3 3 10 0.26563000679 0.0101051330566 Y
3 3 10 0.250586032867 0.0489161014557 Y
3 3 10 0.244684934616 0.0898251533508 Y
3 4 10 0.255291938782 0.00634384155273 Y
3 4 10 0.250741004944 0.0518190860748 Y
3 4 10 0.245402812958 1.16750907898 Y
3 5 10 0.2659740448 0.00863409042358 Y
3 5 10 0.250066995621 0.0585799217224 Y
3 5 10 0.249194145203 3.24673008919 Y
3 6 10 0.269593954086 0.00782608985901 Y
3 6 10 0.251703023911 0.031172990799 Y
3 6 10 0.249054908752 0.0728490352631 Y
3 1 11 0.251528978348 8.90645909309 Y
3 1 11 0.265199899673 25.4544718266 Y
3 1 11 0.279014110565 147.383455992 Y
3 2 11 0.271722078323 4.90741682053 Y
3 2 11 0.264799118042 428.440812111 Y
3 2 11 0.310440063477 76.9194340706 N
3 3 11 0.291972160339 0.712897062302 Y
3 3 11 0.248021125793 479.326945066 Y
3 3 11 0.293609857559 44.0170288086 N
3 4 11 0.27614402771 4.54347300529 Y
3 4 11 0.265527009964 30.023373127 Y
3 4 11 0.262500047684 151.813581944 N
3 5 11 0.274615049362 8.7347548008 Y
3 5 11 0.267955064774 159.082498074 Y
3 5 11 0.266077041626 200.851783991 N
3 6 11 0.290437936783 0.325939178467 Y
3 6 11 0.247127056122 190.356050014 Y
3 6 11 0.263234138489 83.2618639469 N
3 1 12 0.292455911636 216.464138031 N
3 1 12 0.26727604866 484.002238035 N
3 1 12 0.26352596283 455.233458996 N
3 2 12 0.270812034607 82.5523509979 N
3 2 12 0.272769927979 136.008765936 N
3 2 12 0.260815143585 326.763604164 N
size type  blanks  precomp  comp_time status
3 1 12 0.384432077408 0.0290789604187 Y
3 1 12 0.254811048508 0.674566984177 Y
3 1 12 0.244606018066 15.4201159477 Y
3 2 12 0.315378904343 0.0188689231873 Y
3 2 12 0.242297887802 0.127375125885 Y
3 2 12 0.238651037216 2.63361001015 Y
3 3 12 0.272367954254 0.0174310207367 Y
3 3 12 0.243451118469 0.156802177429 Y
3 3 12 0.237900972366 53.1856601238 Y
3 4 12 0.26428604126 0.00826978683472 Y
3 4 12 0.249364852905 0.0595369338989 Y
3 4 12 0.235826015472 0.477341890335 Y
3 5 12 0.25077009201 0.00929403305054 Y
3 5 12 0.238353013992 0.086688041687 Y
3 5 12 0.24191403389 4.95326113701 Y
3 6 12 0.25678396225 0.0191509723663 Y
3 6 12 0.235420942307 0.135105133057 Y
3 6 12 0.246170043945 0.514226913452 Y
3 1 13 0.239856004715 378.0449512 Y
3 1 13 0.246792078018 25.9424891472 N
3 1 13 0.245492935181 162.814663887 N
3 2 13 0.26752281189 241.221221924 Y
3 2 13 0.25156879425 147.66584301 N
3 2 13 0.265503883362 153.559921026 N
3 3 13 0.257203817368 41.8759191036 N
3 3 13 0.268975973129 110.686251879 N
3 3 13 0.2563560009 518.531544924 N
3 4 13 0.272591114044 439.108397007 N
size type  blanks  precomp  comp_time status
3 1 13 0.467623949051 0.0358059406281 Y
3 1 13 0.409996986389 0.10015296936 Y
size type  blanks  precomp  comp_time status
3 1 14 0.484517097473 0.0180118083954 Y
3 1 14 0.250522851944 0.123276948929 Y
3 1 14 0.248365163803 1.43132901192 Y
3 2 14 0.259721040726 0.0125470161438 Y
3 2 14 0.251483917236 0.119432926178 Y
3 2 14 0.260102033615 3.78677582741 Y
3 3 14 0.286810874939 0.037556886673 Y
size type  blanks  precomp  comp_time status
3 1 15 0.252822160721 0.0344710350037 Y
3 1 15 0.248133897781 1.45981693268 Y
size type  blanks  precomp  comp_time status
3 1 16 0.280225038528 0.0297331809998 Y
3 1 16 0.249428987503 0.51153588295 Y
size type  blanks  precomp  comp_time status
3 1 17 0.270344018936 0.0382981300354 Y
3 1 17 0.2475669384 0.680730104446 Y
size type  blanks  precomp  comp_time status
3 1 18 0.273587942123 0.0411369800568 Y
3 1 18 0.254500865936 0.180897951126 Y
size type  blanks  precomp  comp_time status
3 1 19 0.279078006744 0.0723171234131 Y
3 1 19 0.254711866379 0.579725980759 Y
size type  blanks  precomp  comp_time status
3 1 20 0.275241851807 0.0615401268005 Y
3 1 20 0.260205984116 0.314625024796 Y
size type  blanks  precomp  comp_time status
3 1 21 0.283923149109 0.0738878250122 Y
size type  blanks  precomp  comp_time status
3 1 21 0.280451059341 0.0847458839417 Y
size type  blanks  precomp  comp_time status
3 1 21 0.28561091423 0.097785949707 Y
size type  blanks  precomp  comp_time status
3 1 22 0.274937868118 0.234981060028 Y
size type  blanks  precomp  comp_time status
3 1 22 0.342633962631 0.221947908401 Y
size type  blanks  precomp  comp_time status
3 1 22 0.27333688736 0.0942618846893 Y
size type  blanks  precomp  comp_time status
3 1 23 0.283076047897 1.08085107803 Y
size type  blanks  precomp  comp_time status
3 1 23 0.27671790123 0.311135053635 Y
size type  blanks  precomp  comp_time status
3 1 23 0.276627063751 0.111600160599 Y
size type  blanks  precomp  comp_time status
3 1 24 0.273495912552 0.283492803574 Y
size type  blanks  precomp  comp_time status
3 1 24 0.277284145355 0.346434116364 Y
size type  blanks  precomp  comp_time status
3 1 24 0.278226852417 0.109488010406 Y
size type  blanks  precomp  comp_time status
3 1 25 0.277022123337 0.552928924561 Y
size type  blanks  precomp  comp_time status
3 1 25 0.281584024429 1.03608107567 Y
size type  blanks  precomp  comp_time status
3 1 25 0.465832948685 1.01664805412 Y
size type  blanks  precomp  comp_time status
size type  blanks  precomp  comp_time status
3 1 26 0.329562902451 0.601556062698 Y
size type  blanks  precomp  comp_time status
3 1 26 0.26632809639 1.07797193527 Y
size type  blanks  precomp  comp_time status
3 1 26 0.262104034424 0.127425193787 Y
size type  blanks  precomp  comp_time status
3 1 26 0.258471012115 0.0405421257019 N
size type  blanks  precomp  comp_time status
3 1 27 0.368657112122 2.74790692329 Y
size type  blanks  precomp  comp_time status
3 1 27 0.263404130936 4.04930615425 Y
size type  blanks  precomp  comp_time status
3 1 27 0.259169101715 1.34172105789 Y
size type  blanks  precomp  comp_time status
3 1 28 0.277227163315 10.0081291199 Y
size type  blanks  precomp  comp_time status
3 1 28 0.27321600914 1.29034209251 Y
