size type  blanks  precomp  comp_time status
2 1 1 0.107913970947 0.0344829559326 Y
2 1 1 0.0454239845276 0.00171899795532 Y
2 1 1 0.0418038368225 0.00177097320557 Y
2 2 1 0.0453178882599 0.00109386444092 Y
2 2 1 0.0440170764923 0.00148391723633 Y
2 2 1 0.0421829223633 0.00221300125122 Y
2 3 1 0.0427339076996 0.00138282775879 Y
2 3 1 0.0440452098846 0.00174903869629 Y
2 3 1 0.0473420619965 0.00246906280518 Y
2 4 1 0.0413219928741 0.00109100341797 Y
2 4 1 0.0435719490051 0.00166606903076 Y
2 4 1 0.0426769256592 0.0019850730896 Y
2 5 1 0.0421750545502 0.0013210773468 Y
2 5 1 0.0531599521637 0.00181913375854 Y
2 5 1 0.0646469593048 0.00206303596497 Y
2 6 1 0.0482008457184 0.00135087966919 Y
2 6 1 0.0461850166321 0.00151205062866 Y
2 6 1 0.0434060096741 0.00330281257629 Y
2 1 2 0.0499279499054 0.00181698799133 Y
2 1 2 0.0425939559937 0.00354099273682 Y
2 1 2 0.0423519611359 0.00506806373596 Y
2 2 2 0.0464181900024 0.00228905677795 Y
2 2 2 0.0423982143402 0.00303101539612 Y
2 2 2 0.0477428436279 0.00591802597046 Y
2 3 2 0.0407588481903 0.00258684158325 Y
2 3 2 0.0409469604492 0.00292086601257 Y
2 3 2 0.0412750244141 0.0032331943512 Y
2 4 2 0.0428938865662 0.00344896316528 Y
2 4 2 0.039776802063 0.0170068740845 Y
2 4 2 0.0393159389496 0.0164420604706 Y
2 5 2 0.0433559417725 0.0026319026947 Y
2 5 2 0.0415179729462 0.00328993797302 Y
2 5 2 0.0408132076263 0.00424098968506 Y
2 6 2 0.0412721633911 0.00352811813354 Y
2 6 2 0.0447390079498 0.00566601753235 Y
2 6 2 0.0512428283691 0.0159909725189 Y
2 1 3 0.048642873764 0.00634789466858 Y
2 1 3 0.0407929420471 0.00819492340088 Y
2 1 3 0.0403890609741 0.0068199634552 Y
2 2 3 0.0397651195526 0.0109601020813 Y
2 2 3 0.0391871929169 0.0679290294647 Y
2 2 3 0.0400068759918 0.237763881683 Y
2 3 3 0.0404560565948 0.00576019287109 Y
2 3 3 0.0405080318451 0.0316698551178 Y
2 3 3 0.0403959751129 0.028048992157 Y
2 4 3 0.0424151420593 0.0423150062561 Y
2 4 3 0.0404589176178 0.0730798244476 Y
2 4 3 0.043977022171 0.167236089706 Y
2 5 3 0.0418238639832 0.00580883026123 Y
2 5 3 0.0651099681854 0.0155739784241 Y
2 5 3 0.041806936264 0.0151529312134 Y
2 6 3 0.0405569076538 0.0465919971466 Y
2 6 3 0.0404169559479 0.039764881134 Y
2 6 3 0.0420949459076 0.0596899986267 Y
2 1 4 0.0417230129242 0.0178670883179 Y
2 1 4 0.0397329330444 0.0995810031891 Y
2 1 4 0.0420880317688 0.167098045349 Y
2 2 4 0.0567479133606 0.211678981781 Y
2 2 4 0.0403940677643 0.480376958847 Y
2 2 4 0.0395269393921 0.805417060852 Y
2 3 4 0.0443470478058 0.0288200378418 Y
2 3 4 0.0469508171082 0.0497550964355 Y
2 3 4 0.042494058609 0.0613222122192 Y
2 4 4 0.0389890670776 0.153486013412 Y
2 4 4 0.0587949752808 0.239174842834 Y
2 4 4 0.0393960475922 0.692505121231 Y
2 5 4 0.0425870418549 0.024875164032 Y
2 5 4 0.0421750545502 0.0249991416931 Y
2 5 4 0.0460209846497 0.0539088249207 Y
2 6 4 0.0469419956207 0.173540115356 Y
2 6 4 0.0399081707001 0.33576798439 Y
2 6 4 0.0425570011139 0.25448012352 Y
2 1 5 0.0404789447784 0.172770023346 Y
2 1 5 0.047290802002 0.279157876968 Y
2 1 5 0.0395140647888 0.234192848206 Y
2 2 5 0.0418150424957 0.775277137756 Y
2 2 5 0.0416369438171 0.690786123276 Y
2 2 5 0.0416388511658 0.681746959686 Y
2 3 5 0.0422611236572 0.297542095184 Y
2 3 5 0.0393400192261 0.475744009018 Y
2 3 5 0.0416450500488 0.405155181885 Y
2 4 5 0.0389170646667 0.773987054825 Y
2 4 5 0.0401260852814 1.00478601456 Y
2 4 5 0.0630869865417 1.04422307014 Y
2 5 5 0.039892911911 0.152086019516 Y
2 5 5 0.0416538715363 0.216020107269 Y
2 5 5 0.0393640995026 0.238991975784 Y
2 6 5 0.054456949234 0.432988166809 Y
2 6 5 0.0408129692078 0.383675098419 Y
2 6 5 0.0435030460358 0.361768960953 Y
2 1 6 0.0397951602936 0.454209089279 Y
2 1 6 0.0405521392822 0.407782077789 Y
2 1 6 0.0485949516296 0.375330924988 Y
2 2 6 0.0407128334045 0.798472881317 Y
2 2 6 0.0394008159637 0.693027019501 Y
2 2 6 0.040020942688 0.686280012131 Y
2 3 6 0.0402200222015 0.688024997711 Y
2 3 6 0.03892993927 0.711208105087 Y
2 3 6 0.0413899421692 0.701769828796 Y
2 4 6 0.0398728847504 0.708000898361 Y
2 4 6 0.0409989356995 0.682532072067 Y
2 4 6 0.039097070694 0.707643032074 Y
2 5 6 0.0413539409637 0.602682113647 Y
2 5 6 0.0466020107269 0.781287908554 Y
2 5 6 0.0403318405151 0.681851863861 Y
2 6 6 0.0392510890961 0.501342058182 Y
2 6 6 0.0414249897003 0.425005197525 Y
2 6 6 0.0408179759979 0.526223897934 Y
2 1 7 0.0461509227753 0.455552101135 Y
2 1 7 0.0399608612061 0.405365943909 Y
2 1 7 0.0426950454712 0.401087999344 Y
2 2 7 0.0468969345093 0.78861117363 Y
2 2 7 0.0412290096283 0.688987016678 Y
2 2 7 0.0387189388275 0.669759988785 Y
2 3 7 0.0428447723389 0.717916965485 Y
2 3 7 0.0411720275879 0.694725036621 Y
2 3 7 0.0406000614166 0.7085750103 Y
2 4 7 0.0412991046906 0.683480978012 Y
2 4 7 0.0415408611298 0.711507081985 Y
2 4 7 0.0406179428101 0.689392089844 Y
2 5 7 0.0451860427856 0.705754041672 Y
2 5 7 0.0392730236053 0.705399036407 Y
2 5 7 0.0402309894562 0.714400053024 Y
2 6 7 0.0461089611053 0.935322999954 Y
2 6 7 0.0412259101868 0.699676990509 Y
2 6 7 0.0458669662476 0.672522068024 Y
2 1 8 0.0405919551849 0.460319042206 Y
2 1 8 0.041825056076 0.402024030685 Y
2 1 8 0.0428190231323 0.728217840195 Y
2 2 8 0.0408530235291 0.678579092026 Y
2 2 8 0.0404388904572 0.70964384079 Y
2 2 8 0.0450360774994 1.05613517761 Y
2 3 8 0.0873370170593 0.927481174469 Y
2 3 8 0.0400331020355 0.71625494957 Y
2 3 8 0.041375875473 0.717829942703 Y
2 4 8 0.0383279323578 0.731029033661 Y
2 4 8 0.044958114624 0.702316999435 Y
2 4 8 0.04057097435 0.727017879486 Y
2 5 8 0.0408849716187 0.714703083038 Y
2 5 8 0.044704914093 0.921650886536 Y
2 5 8 0.0397980213165 0.675068855286 Y
2 6 8 0.0395340919495 0.710860967636 Y
2 6 8 0.0401968955994 0.68243098259 Y
2 6 8 0.0475041866302 0.684819936752 Y
2 1 9 0.0685980319977 0.696100950241 Y
2 1 9 0.0384159088135 0.694672822952 Y
2 1 9 0.0408639907837 0.707654953003 Y
2 2 9 0.0433399677277 0.729261159897 Y
2 2 9 0.0415189266205 0.691851139069 Y
2 2 9 0.0385420322418 0.727540016174 Y
2 3 9 0.0394191741943 0.7114610672 Y
2 3 9 0.0379619598389 0.69256401062 Y
2 3 9 0.0401430130005 0.706171989441 Y
2 4 9 0.0516610145569 0.935304880142 Y
2 4 9 0.0406999588013 0.697422027588 Y
2 4 9 0.041121006012 0.668720960617 Y
2 5 9 0.0400669574738 0.699568033218 Y
2 5 9 0.0388691425323 0.697393894196 Y
2 5 9 0.0443840026855 0.676906108856 Y
2 6 9 0.038369178772 0.710866928101 Y
2 6 9 0.0400540828705 0.698004007339 Y
2 6 9 0.0436770915985 0.68620800972 Y
2 1 10 0.0420241355896 0.706927061081 Y
2 1 10 0.0395810604095 0.702272176743 Y
2 1 10 0.059238910675 0.766026973724 Y
2 2 10 0.0382609367371 0.928268194199 Y
2 2 10 0.0409309864044 0.700836181641 Y
2 2 10 0.0402867794037 0.701246976852 Y
2 3 10 0.03977394104 0.683399915695 Y
2 3 10 0.0410540103912 0.783482074738 Y
2 3 10 0.0419220924377 0.694822072983 Y
2 4 10 0.0460288524628 0.763867855072 Y
2 4 10 0.0647089481354 1.20136117935 Y
2 4 10 0.0747199058533 0.790278911591 Y
2 5 10 0.0465188026428 0.72169303894 Y
2 5 10 0.0425050258636 0.722803115845 Y
2 5 10 0.0435538291931 0.940471887589 Y
2 6 10 0.0442790985107 0.701080083847 Y
2 6 10 0.0461270809174 0.712205171585 Y
2 6 10 0.0450639724731 0.685181856155 Y
2 1 11 0.0416750907898 0.711441040039 Y
2 1 11 0.048712015152 0.685216188431 Y
2 1 11 0.0424270629883 0.695652008057 Y
2 2 11 0.0423848628998 0.710835933685 Y
2 2 11 0.042552947998 0.743090867996 Y
2 2 11 0.0491139888763 0.710662841797 Y
2 3 11 0.0422780513763 0.958655118942 Y
2 3 11 0.0435240268707 0.695063114166 Y
2 3 11 0.0442690849304 0.729130983353 Y
2 4 11 0.0421841144562 0.690136194229 Y
2 4 11 0.0413408279419 0.698457956314 Y
2 4 11 0.0427851676941 0.685907125473 Y
2 5 11 0.0489151477814 0.694988012314 Y
2 5 11 0.041347026825 0.692469120026 Y
2 5 11 0.0428371429443 0.737848043442 Y
2 6 11 0.0427360534668 0.741343021393 Y
2 6 11 0.0415661334991 0.986689090729 Y
2 6 11 0.0418620109558 0.684239864349 Y
2 1 12 0.0410439968109 0.715245008469 Y
2 1 12 0.0472228527069 0.667582035065 Y
2 1 12 0.0459470748901 0.725129127502 Y
2 2 12 0.042564868927 0.700261831284 Y
2 2 12 0.0417869091034 0.699244976044 Y
2 2 12 0.0417919158936 0.716150999069 Y
2 3 12 0.0420770645142 0.726613998413 Y
2 3 12 0.0420308113098 0.741057872772 Y
2 3 12 0.0453729629517 0.74497294426 Y
2 4 12 0.0499231815338 0.693544149399 Y
2 4 12 0.044214963913 0.962095975876 Y
2 4 12 0.0437440872192 0.678182125092 Y
2 5 12 0.0422630310059 0.701915979385 Y
2 5 12 0.0437910556793 0.700059175491 Y
2 5 12 0.0468490123749 1.11522102356 Y
2 6 12 0.0473499298096 0.87354683876 Y
2 6 12 0.0445110797882 0.695785045624 Y
2 6 12 0.0418441295624 0.663711071014 Y
2 1 13 0.0479850769043 0.680665016174 Y
2 1 13 0.0423970222473 0.707432031631 Y
2 1 13 0.043760061264 0.732843160629 Y
2 2 13 0.046581029892 0.686860084534 Y
2 2 13 0.0521230697632 0.96816110611 Y
2 2 13 0.0426769256592 0.681534051895 Y
2 3 13 0.042876958847 0.728152990341 Y
2 3 13 0.0422070026398 0.666681051254 Y
2 3 13 0.0413970947266 0.686293840408 Y
2 4 13 0.0491788387299 0.699002027512 Y
2 4 13 0.0437619686127 0.687929868698 Y
2 4 13 0.0430819988251 0.695222139359 Y
2 5 13 0.0411360263824 0.694017887115 Y
2 5 13 0.0487558841705 0.675304889679 Y
2 5 13 0.0442750453949 0.715903043747 Y
2 6 13 0.0417618751526 0.73393201828 Y
2 6 13 0.0495071411133 0.732537984848 Y
2 6 13 0.0414249897003 0.725076913834 Y
2 1 14 0.0410480499268 0.739724874496 Y
2 1 14 0.0418581962585 0.689039945602 Y
2 1 14 0.042268037796 0.703364133835 Y
2 2 14 0.0421009063721 0.685666799545 Y
2 2 14 0.0426971912384 0.679734945297 Y
2 2 14 0.0422921180725 0.713768959045 Y
2 3 14 0.0432360172272 1.00122904778 Y
2 3 14 0.041121006012 0.68256187439 Y
2 3 14 0.0621628761292 0.688524961472 Y
2 4 14 0.0424389839172 0.706858158112 Y
2 4 14 0.040913105011 0.685025215149 Y
2 4 14 0.0460858345032 0.728537082672 Y
2 5 14 0.0413689613342 0.716969966888 Y
2 5 14 0.0417239665985 0.662614822388 Y
2 5 14 0.0498027801514 0.682577133179 Y
2 6 14 0.041032075882 0.688148021698 Y
2 6 14 0.0419790744781 0.693073034286 Y
2 6 14 0.0424938201904 0.719259023666 Y
2 1 15 0.0430500507355 0.710230112076 Y
2 1 15 0.0415761470795 1.00072193146 Y
2 1 15 0.0705358982086 1.0502550602 Y
2 2 15 0.0414390563965 0.678325891495 Y
2 2 15 0.0427219867706 0.745576143265 Y
2 2 15 0.0453858375549 1.03550982475 Y
2 3 15 0.0447900295258 0.714327096939 Y
2 3 15 0.0414628982544 0.671650886536 Y
2 3 15 0.0416738986969 0.675370931625 Y
2 4 15 0.0419988632202 0.719132184982 Y
2 4 15 0.0419850349426 0.708012104034 Y
2 4 15 0.0426890850067 0.682255029678 Y
2 5 15 0.0554678440094 0.677294015884 Y
2 5 15 0.046266078949 0.693145990372 Y
2 5 15 0.0422661304474 0.693865060806 Y
2 6 15 0.0431427955627 0.718508005142 Y
2 6 15 0.0481970310211 0.67195892334 Y
2 6 15 0.0444090366364 0.720366001129 Y
2 1 16 0.0414350032806 0.691207170486 Y
2 1 16 0.0581259727478 0.685760974884 Y
2 1 16 0.0412240028381 0.698729991913 Y
2 2 16 0.04217004776 1.04279708862 Y
2 2 16 0.0413620471954 0.68529176712 Y
2 2 16 0.0459759235382 0.741206169128 Y
2 3 16 0.041825056076 0.652265071869 Y
2 3 16 0.0433089733124 0.72287106514 Y
2 3 16 0.0431561470032 0.703913927078 Y
2 4 16 0.0412950515747 0.688783884048 Y
2 4 16 0.0468430519104 0.688796043396 Y
2 4 16 0.0530159473419 0.7594871521 Y
2 5 16 0.0413210391998 0.709164857864 Y
2 5 16 0.0413291454315 0.689450979233 Y
2 5 16 0.0430200099945 0.681753873825 Y
2 6 16 0.0472679138184 0.763726949692 Y
2 6 16 0.0426981449127 0.699254989624 Y
2 6 16 0.0451028347015 0.712656021118 Y
