size type  blanks  precomp  comp_time  postcomp
3 1 1 0.0863687992096 0.00501608848572 0.000541925430298
3 1 1 0.079822063446 0.00547218322754 0.000573873519897
3 1 1 0.0776979923248 0.00506711006165 0.000539064407349
3 2 1 0.0785880088806 0.00537490844727 0.000545024871826
3 2 1 0.0798740386963 0.00508713722229 0.000600099563599
3 2 1 0.0787239074707 0.00565505027771 0.000577926635742
3 3 1 0.0781579017639 0.00566792488098 0.000687837600708
3 3 1 0.0842230319977 0.00688600540161 0.000627040863037
3 3 1 0.080216884613 0.00522494316101 0.000607013702393
3 4 1 0.0789649486542 0.00557398796082 0.000596046447754
3 4 1 0.076896905899 0.00544881820679 0.00127100944519
3 4 1 0.078850030899 0.00523591041565 0.00056004524231
3 5 1 0.085972070694 0.00602006912231 0.000648021697998
3 5 1 0.0809910297394 0.00527310371399 0.000600099563599
3 5 1 0.0837800502777 0.00559878349304 0.00059700012207
3 6 1 0.0779340267181 0.00533509254456 0.00061297416687
3 6 1 0.0786061286926 0.00618600845337 0.000612020492554
3 6 1 0.0775470733643 0.00541687011719 0.000571012496948
3 1 2 0.078243970871 0.00518202781677 0.00058388710022
3 1 2 0.0968019962311 0.00710105895996 0.000756025314331
3 1 2 0.0862460136414 0.00526714324951 0.000576019287109
3 2 2 0.0782759189606 0.00575017929077 0.000581026077271
3 2 2 0.0770471096039 0.00531792640686 0.000545024871826
3 2 2 0.0829119682312 0.00602698326111 0.000614166259766
3 3 2 0.0774869918823 0.00800704956055 0.00056791305542
3 3 2 0.0998330116272 0.00564503669739 0.000576972961426
3 3 2 0.127426147461 0.00869703292847 0.000887870788574
3 4 2 0.111435890198 0.00841808319092 0.00112891197205
3 4 2 0.120328903198 0.00863194465637 0.000968933105469
3 4 2 0.114842176437 0.0134110450745 0.000997066497803
3 5 2 0.125155925751 0.00826787948608 0.000936985015869
3 5 2 0.115206003189 0.00874090194702 0.00103616714478
3 5 2 0.220318078995 0.00856494903564 0.000977993011475
3 6 2 0.115220069885 0.0100700855255 0.00103497505188
3 6 2 0.113069057465 0.00794911384583 0.000959157943726
3 6 2 0.119950771332 0.0099790096283 0.00115704536438
3 1 3 0.145724058151 0.00910210609436 0.0015709400177
3 1 3 0.0898931026459 0.00691485404968 0.000777006149292
3 1 3 0.106904983521 0.0058388710022 0.000586986541748
3 2 3 0.1023478508 0.00549912452698 0.000667095184326
3 2 3 0.07985496521 0.00608682632446 0.000617027282715
3 2 3 0.0773298740387 0.00540089607239 0.000787973403931
3 3 3 0.0776388645172 0.00656485557556 0.000679969787598
3 3 3 0.0766930580139 0.00618600845337 0.000634908676147
3 3 3 0.0811820030212 0.00561308860779 0.000691175460815
3 4 3 0.0792870521545 0.00597810745239 0.000633955001831
3 4 3 0.0811049938202 0.00572681427002 0.000685930252075
3 4 3 0.0807108879089 0.00568389892578 0.00062108039856
3 5 3 0.0785360336304 0.00635409355164 0.000580072402954
3 5 3 0.115964889526 0.00843191146851 0.000917911529541
3 5 3 0.0896360874176 0.00537395477295 0.000593185424805
3 6 3 0.0823659896851 0.0058159828186 0.000601053237915
3 6 3 0.0808448791504 0.00527381896973 0.000584840774536
3 6 3 0.0803520679474 0.00581097602844 0.00061297416687
3 1 4 0.0807340145111 0.00562787055969 0.000542879104614
3 1 4 0.0802700519562 0.00543022155762 0.000601053237915
3 1 4 0.0854618549347 0.00584006309509 0.00059700012207
3 2 4 0.0785450935364 0.00565600395203 0.00063681602478
3 2 4 0.0767068862915 0.0061559677124 0.000840902328491
3 2 4 0.0819270610809 0.00571298599243 0.000697135925293
3 3 4 0.0913908481598 0.00591087341309 0.000704050064087
3 3 4 0.0859379768372 0.00632214546204 0.000806093215942
3 3 4 0.090311050415 0.00601291656494 0.000710964202881
3 4 4 0.0792419910431 0.00558400154114 0.000731945037842
3 4 4 0.0978939533234 0.00580906867981 0.000642776489258
3 4 4 0.0785732269287 0.00699591636658 0.000720977783203
3 5 4 0.0893239974976 0.00544309616089 0.000611066818237
3 5 4 0.0804138183594 0.00623798370361 0.000682830810547
3 5 4 0.0805239677429 0.00645709037781 0.00071907043457
3 6 4 0.0945100784302 0.0120239257812 0.000686883926392
3 6 4 0.0804297924042 0.00648713111877 0.000712871551514
3 6 4 0.0829560756683 0.00734996795654 0.000826835632324
3 1 5 0.0794169902802 0.00559091567993 0.000782012939453
3 1 5 0.0823040008545 0.00820589065552 0.000891923904419
3 1 5 0.0841989517212 0.00665497779846 0.000859975814819
3 2 5 0.0951011180878 0.00596809387207 0.000876188278198
3 2 5 0.161477088928 0.00605320930481 0.000754117965698
3 2 5 0.0804607868195 0.00538897514343 0.000751972198486
3 3 5 0.0822818279266 0.00611591339111 0.000745058059692
3 3 5 0.0841000080109 0.00559687614441 0.000797986984253
3 3 5 0.079756975174 0.0060670375824 0.000797986984253
3 4 5 0.0827069282532 0.00535702705383 0.000657081604004
3 4 5 0.0924849510193 0.00540900230408 0.000665903091431
3 4 5 0.0883629322052 0.00644207000732 0.000858783721924
3 5 5 0.09246301651 0.0059220790863 0.00081205368042
3 5 5 0.0853269100189 0.0056939125061 0.00087308883667
3 5 5 0.0794191360474 0.00575995445251 0.000922918319702
3 6 5 0.0799930095673 0.0057270526886 0.00102114677429
3 6 5 0.081768989563 0.00572896003723 0.00100302696228
3 6 5 0.0824408531189 0.00595498085022 0.00115704536438
3 1 6 0.0907869338989 0.00603318214417 0.00125503540039
3 1 6 0.0813601016998 0.00567102432251 0.00120282173157
3 1 6 0.082526922226 0.00592088699341 0.00178098678589
3 2 6 0.0864949226379 0.00705194473267 0.000938177108765
3 2 6 0.0810880661011 0.00588178634644 0.00109004974365
3 2 6 0.0797319412231 0.00621509552002 0.00114321708679
3 3 6 0.0818181037903 0.00602602958679 0.00120902061462
3 3 6 0.0887088775635 0.00583600997925 0.00130009651184
3 3 6 0.0783879756927 0.00644683837891 0.00131893157959
3 4 6 0.0787239074707 0.00546622276306 0.00088095664978
3 4 6 0.0792298316956 0.00621700286865 0.00097918510437
3 4 6 0.079136133194 0.00603914260864 0.00111699104309
3 5 6 0.0844140052795 0.00584197044373 0.000959157943726
3 5 6 0.0782158374786 0.00649094581604 0.00125193595886
3 5 6 0.078469991684 0.0056049823761 0.0010929107666
3 6 6 0.0787739753723 0.00610303878784 0.00114798545837
3 6 6 0.0777289867401 0.00601696968079 0.00111889839172
3 6 6 0.0787260532379 0.00610303878784 0.00124502182007
3 1 7 0.0822257995605 0.00662302970886 0.00166797637939
3 1 7 0.083918094635 0.00695109367371 0.00192594528198
3 1 7 0.0798258781433 0.00655007362366 0.00181794166565
3 2 7 0.0791389942169 0.00647306442261 0.0012800693512
3 2 7 0.0907089710236 0.00694417953491 0.00145387649536
3 2 7 0.0839700698853 0.00716304779053 0.00142478942871
3 3 7 0.0769350528717 0.00659108161926 0.00140810012817
3 3 7 0.0775310993195 0.00594186782837 0.00158596038818
3 3 7 0.0816128253937 0.00868988037109 0.00165510177612
3 4 7 0.0768117904663 0.00612092018127 0.00124192237854
3 4 7 0.0778760910034 0.0057520866394 0.00134801864624
3 4 7 0.0774159431458 0.00733304023743 0.00143504142761
3 5 7 0.0916249752045 0.00622701644897 0.00121188163757
3 5 7 0.164011001587 0.00577187538147 0.00128793716431
3 5 7 0.0762438774109 0.00643396377563 0.00208806991577
3 6 7 0.0781469345093 0.00846195220947 0.00233912467957
3 6 7 0.0854270458221 0.00636887550354 0.00154590606689
3 6 7 0.0973069667816 0.00752711296082 0.00209188461304
3 1 8 0.0873680114746 0.00655794143677 0.00192284584045
3 1 8 0.0776839256287 0.00712203979492 0.00222897529602
3 1 8 0.0782220363617 0.00684499740601 0.0019109249115
3 2 8 0.0786929130554 0.00571489334106 0.00221109390259
3 2 8 0.0778360366821 0.00669097900391 0.00180292129517
3 2 8 0.0799310207367 0.00647592544556 0.00184297561646
3 3 8 0.0830271244049 0.00661301612854 0.00192379951477
3 3 8 0.0841040611267 0.0076220035553 0.0110678672791
3 3 8 0.0902462005615 0.00610303878784 0.00198698043823
3 4 8 0.0843088626862 0.00690007209778 0.00145196914673
3 4 8 0.0809190273285 0.00721216201782 0.00187993049622
3 4 8 0.0788040161133 0.00698685646057 0.00189805030823
3 5 8 0.0791680812836 0.00738000869751 0.00136494636536
3 5 8 0.0804438591003 0.00612616539001 0.00150299072266
3 5 8 0.0770988464355 0.00620794296265 0.00155305862427
3 6 8 0.0792410373688 0.00594091415405 0.00174999237061
3 6 8 0.0769760608673 0.00658798217773 0.00186514854431
3 6 8 0.0911431312561 0.0065450668335 0.00191402435303
3 1 9 0.0821440219879 0.00669002532959 0.00201487541199
3 1 9 0.107455015182 0.00696611404419 0.00189208984375
3 1 9 0.0848791599274 0.00676894187927 0.00210785865784
3 2 9 0.0910198688507 0.0074348449707 0.00206112861633
3 2 9 0.0892341136932 0.00611615180969 0.00193691253662
3 2 9 0.0781919956207 0.00632405281067 0.00205492973328
3 3 9 0.0783109664917 0.00745701789856 0.00218892097473
3 3 9 0.0973329544067 0.00699090957642 0.00278520584106
3 3 9 0.0934228897095 0.00675988197327 0.00248599052429
3 4 9 0.0784411430359 0.00759196281433 0.00289392471313
3 4 9 0.0803799629211 0.00765991210938 0.00266599655151
3 4 9 0.104104042053 0.00736594200134 0.00204014778137
3 5 9 0.123740196228 0.0118169784546 0.00219988822937
3 5 9 0.0964968204498 0.00618600845337 0.00173306465149
3 5 9 0.0840950012207 0.0130970478058 0.00253915786743
3 6 9 0.0975408554077 0.00738191604614 0.0019748210907
3 6 9 0.0822899341583 0.0065860748291 0.00199103355408
3 6 9 0.0902140140533 0.00715398788452 0.00227308273315
3 1 10 0.0885169506073 0.0073869228363 0.00199103355408
3 1 10 0.0901079177856 0.00855207443237 0.00204396247864
3 1 10 0.0968158245087 0.00958204269409 0.00246000289917
3 2 10 0.18831205368 0.00988388061523 0.00310087203979
3 2 10 0.105886936188 0.00840616226196 0.00216913223267
3 2 10 0.0999460220337 0.00833201408386 0.00196886062622
3 3 10 0.0867390632629 0.00691103935242 0.00231695175171
3 3 10 0.0918028354645 0.00811004638672 0.00278806686401
3 3 10 0.0949120521545 0.00676608085632 0.00213503837585
3 4 10 0.0977048873901 0.00675797462463 0.00206613540649
3 4 10 0.100747108459 0.00685000419617 0.00206708908081
3 4 10 0.0866379737854 0.00731897354126 0.00208711624146
3 5 10 0.0983169078827 0.00712108612061 0.00175404548645
3 5 10 0.0981559753418 0.00697779655457 0.00226306915283
3 5 10 0.127376079559 0.00828003883362 0.0022439956665
3 6 10 0.108369112015 0.00642800331116 0.00203394889832
3 6 10 0.0918669700623 0.00634694099426 0.00222396850586
3 6 10 0.0850179195404 0.00715398788452 0.00212502479553
3 1 11 0.0843768119812 0.0066499710083 0.00196480751038
3 1 11 0.0863289833069 0.00651001930237 0.00265097618103
3 1 11 0.0940561294556 0.00889682769775 0.00393605232239
3 2 11 0.0980188846588 0.00752592086792 0.00501799583435
3 2 11 0.0945110321045 0.00656700134277 0.00206398963928
3 2 11 0.0888860225677 0.00774478912354 0.00210094451904
3 3 11 0.110756874084 0.00713801383972 0.00214099884033
3 3 11 0.111557006836 0.00602006912231 0.00201892852783
3 3 11 0.0847790241241 0.00699400901794 0.00228595733643
3 4 11 0.0939118862152 0.00652003288269 0.00213193893433
3 4 11 0.0793559551239 0.0073881149292 0.00209903717041
3 4 11 0.0953571796417 0.00666999816895 0.00218391418457
3 5 11 0.0939610004425 0.00761699676514 0.0025098323822
3 5 11 0.104745864868 0.00758910179138 0.00222206115723
3 5 11 0.0877060890198 0.00778198242188 0.0025360584259
3 6 11 0.0937519073486 0.00727605819702 0.0020580291748
3 6 11 0.0959739685059 0.0093309879303 0.00243401527405
3 6 11 0.0993549823761 0.00674080848694 0.00224685668945
3 1 12 0.0811657905579 0.00696706771851 0.00205016136169
3 1 12 0.0810208320618 0.00730395317078 0.00208497047424
3 1 12 0.0838780403137 0.00695013999939 0.00202202796936
3 2 12 0.085216999054 0.00674700737 0.00197601318359
3 2 12 0.0777449607849 0.00612592697144 0.00201606750488
3 2 12 0.0859701633453 0.00660300254822 0.00191903114319
3 3 12 0.0818841457367 0.00754809379578 0.00195717811584
3 3 12 0.0961880683899 0.0079939365387 0.00221300125122
3 3 12 0.0816149711609 0.00774693489075 0.00204396247864
3 4 12 0.100013971329 0.00897598266602 0.00204205513
3 4 12 0.0998511314392 0.00710201263428 0.00207185745239
3 4 12 0.156406164169 0.00717401504517 0.00200200080872
3 5 12 0.0802750587463 0.0100190639496 0.00205993652344
3 5 12 0.0959300994873 0.00608897209167 0.0018949508667
3 5 12 0.0765819549561 0.00674390792847 0.00193619728088
3 6 12 0.0808238983154 0.00661492347717 0.0020580291748
3 6 12 0.078469991684 0.0070629119873 0.00202918052673
3 6 12 0.0786459445953 0.00611186027527 0.00198602676392
3 1 13 0.0777060985565 0.00669503211975 0.00195479393005
3 1 13 0.0843999385834 0.0109288692474 0.00215196609497
3 1 13 0.100449085236 0.00738000869751 0.0020649433136
3 2 13 0.0839998722076 0.00866794586182 0.00243592262268
3 2 13 0.0828919410706 0.00668597221375 0.00198912620544
3 2 13 0.0861299037933 0.00689697265625 0.00203514099121
3 3 13 0.0778050422668 0.00705885887146 0.00196194648743
3 3 13 0.07701587677 0.0070960521698 0.00195813179016
3 3 13 0.0772321224213 0.00748896598816 0.00198793411255
3 4 13 0.0801329612732 0.00704288482666 0.00200390815735
3 4 13 0.0780038833618 0.00684499740601 0.00205302238464
3 4 13 0.0777170658112 0.00685000419617 0.0020158290863
3 5 13 0.0793881416321 0.00772619247437 0.00211310386658
3 5 13 0.0823390483856 0.00734901428223 0.00203704833984
3 5 13 0.0776000022888 0.00730895996094 0.00221490859985
3 6 13 0.0806977748871 0.00688910484314 0.00228404998779
3 6 13 0.0888810157776 0.00708603858948 0.00201511383057
3 6 13 0.0780501365662 0.00684785842896 0.00199794769287
3 1 14 0.0778071880341 0.00665402412415 0.00206089019775
3 1 14 0.0774569511414 0.00685811042786 0.00195693969727
3 1 14 0.0775167942047 0.00627398490906 0.0019199848175
3 2 14 0.0797510147095 0.00688099861145 0.00207209587097
3 2 14 0.0893340110779 0.00696110725403 0.00201892852783
3 2 14 0.0825188159943 0.00698494911194 0.0020649433136
3 3 14 0.0785729885101 0.00772380828857 0.00220990180969
3 3 14 0.0807600021362 0.00675392150879 0.00208115577698
3 3 14 0.0817618370056 0.0073230266571 0.00212216377258
3 4 14 0.0871078968048 0.00630688667297 0.00200819969177
3 4 14 0.0783591270447 0.00639581680298 0.00197386741638
3 4 14 0.0800089836121 0.0066499710083 0.00277018547058
3 5 14 0.0773859024048 0.00741195678711 0.00201487541199
3 5 14 0.080286026001 0.00644111633301 0.00202202796936
3 5 14 0.0775539875031 0.00718903541565 0.00210690498352
3 6 14 0.0915110111237 0.00766897201538 0.00196504592896
3 6 14 0.0796937942505 0.00690698623657 0.00201988220215
3 6 14 0.0804119110107 0.00661206245422 0.00195217132568
3 1 15 0.0778920650482 0.00690507888794 0.00206398963928
3 1 15 0.0804550647736 0.00741791725159 0.00193214416504
3 1 15 0.158007860184 0.00756883621216 0.002121925354
3 2 15 0.0804510116577 0.00646615028381 0.00207901000977
3 2 15 0.086807012558 0.00777411460876 0.00198888778687
3 2 15 0.0799510478973 0.00648999214172 0.00200295448303
3 3 15 0.080451965332 0.00706911087036 0.00205993652344
3 3 15 0.0777051448822 0.00715804100037 0.00207304954529
3 3 15 0.0774388313293 0.00689601898193 0.00202417373657
3 4 15 0.0790231227875 0.00633716583252 0.00197696685791
3 4 15 0.0791029930115 0.00715708732605 0.00202918052673
3 4 15 0.0789680480957 0.00632882118225 0.00281000137329
3 5 15 0.0816559791565 0.00667405128479 0.00187706947327
3 5 15 0.0775949954987 0.00665020942688 0.00189590454102
3 5 15 0.082612991333 0.00679111480713 0.00197815895081
3 6 15 0.0820269584656 0.00721192359924 0.00217890739441
3 6 15 0.0775210857391 0.00699281692505 0.00198793411255
3 6 15 0.0784230232239 0.00722599029541 0.00208616256714
3 1 16 0.0802459716797 0.00819802284241 0.00208187103271
3 1 16 0.0783138275146 0.00781011581421 0.00211501121521
3 1 16 0.0779390335083 0.00634098052979 0.00194907188416
3 2 16 0.078647851944 0.00609278678894 0.00196886062622
3 2 16 0.0826120376587 0.00632286071777 0.0019838809967
3 2 16 0.0815920829773 0.00707221031189 0.0019690990448
3 3 16 0.0789577960968 0.00628995895386 0.00199389457703
3 3 16 0.0783360004425 0.00708389282227 0.00206184387207
3 3 16 0.0819878578186 0.0067720413208 0.00225305557251
3 4 16 0.112684011459 0.00654602050781 0.00198101997375
3 4 16 0.0778501033783 0.0064480304718 0.00203990936279
3 4 16 0.0783641338348 0.00637102127075 0.00195503234863
3 5 16 0.0803420543671 0.00916886329651 0.00202393531799
3 5 16 0.0790212154388 0.00616407394409 0.00195789337158
3 5 16 0.0833220481873 0.00668096542358 0.00195693969727
3 6 16 0.0800530910492 0.00625801086426 0.00199103355408
3 6 16 0.0848190784454 0.00697183609009 0.00203084945679
3 6 16 0.0775039196014 0.00772094726562 0.00225520133972
3 1 17 0.0778667926788 0.00762009620667 0.00200700759888
3 1 17 0.0886089801788 0.00673604011536 0.00217700004578
3 1 17 0.0867218971252 0.00788307189941 0.00220394134521
3 2 17 0.0908889770508 0.00612998008728 0.00197196006775
3 2 17 0.0793161392212 0.00730109214783 0.00202703475952
3 2 17 0.0796949863434 0.00722408294678 0.00208902359009
3 3 17 0.0784170627594 0.00741410255432 0.00198411941528
3 3 17 0.0794260501862 0.00667285919189 0.0019679069519
3 3 17 0.0769419670105 0.00668215751648 0.00197100639343
3 4 17 0.0822749137878 0.00660800933838 0.00195789337158
3 4 17 0.156015872955 0.00662088394165 0.00194191932678
3 4 17 0.0804650783539 0.00845217704773 0.00192999839783
3 5 17 0.0767030715942 0.00628113746643 0.00190806388855
3 5 17 0.0774700641632 0.00720119476318 0.00206112861633
3 5 17 0.0991008281708 0.00779390335083 0.00208282470703
3 6 17 0.0799238681793 0.00806403160095 0.00209593772888
3 6 17 0.0767810344696 0.00682306289673 0.00194811820984
3 6 17 0.0789420604706 0.00646686553955 0.00200891494751
3 1 18 0.0843319892883 0.00764894485474 0.00194811820984
3 1 18 0.0796120166779 0.00619792938232 0.00199604034424
3 1 18 0.0776391029358 0.00754690170288 0.0019838809967
3 2 18 0.0801150798798 0.00620698928833 0.00190091133118
3 2 18 0.0793509483337 0.00698685646057 0.0019359588623
3 2 18 0.0782599449158 0.00625014305115 0.00194001197815
3 3 18 0.0780889987946 0.00691795349121 0.00204801559448
3 3 18 0.108101129532 0.00768208503723 0.00221109390259
3 3 18 0.0869150161743 0.00635504722595 0.00198602676392
3 4 18 0.0790288448334 0.00732707977295 0.00193905830383
3 4 18 0.0775928497314 0.0102980136871 0.0028510093689
3 4 18 0.0817151069641 0.00628304481506 0.00213217735291
3 5 18 0.079293012619 0.00702714920044 0.00192809104919
3 5 18 0.0784740447998 0.00658988952637 0.00190210342407
3 5 18 0.0792899131775 0.00791597366333 0.00205898284912
3 6 18 0.0792071819305 0.0100650787354 0.00192880630493
3 6 18 0.0789778232574 0.00766396522522 0.00196385383606
3 6 18 0.0792460441589 0.00712704658508 0.00201320648193
3 1 19 0.0787360668182 0.00703692436218 0.00203800201416
3 1 19 0.0865030288696 0.00866603851318 0.00217604637146
3 1 19 0.108485937119 0.0074028968811 0.00198197364807
3 2 19 0.0844938755035 0.00717782974243 0.0019838809967
3 2 19 0.0778861045837 0.00757884979248 0.0022189617157
3 2 19 0.0782890319824 0.00834679603577 0.00206708908081
3 3 19 0.0807268619537 0.00705289840698 0.00198101997375
3 3 19 0.0778648853302 0.00638580322266 0.00206398963928
3 3 19 0.0776779651642 0.0073549747467 0.00193905830383
3 4 19 0.0786151885986 0.00724315643311 0.00281596183777
3 4 19 0.0791058540344 0.00714612007141 0.00194692611694
3 4 19 0.0790181159973 0.00707817077637 0.00221800804138
3 5 19 0.0939340591431 0.0069420337677 0.00197505950928
3 5 19 0.0806560516357 0.00739002227783 0.00209498405457
3 5 19 0.0919160842896 0.00717115402222 0.00211906433105
3 6 19 0.0801069736481 0.00657987594604 0.00198793411255
3 6 19 0.0794289112091 0.00739502906799 0.00211906433105
3 6 19 0.079085111618 0.00619602203369 0.00194382667542
3 1 20 0.173631906509 0.00724291801453 0.00194501876831
3 1 20 0.0796310901642 0.0078399181366 0.00193214416504
3 1 20 0.079430103302 0.00731611251831 0.00191807746887
3 2 20 0.0961940288544 0.00872302055359 0.0020968914032
3 2 20 0.0811731815338 0.00750088691711 0.00208687782288
3 2 20 0.0769000053406 0.00685095787048 0.00203704833984
3 3 20 0.113007068634 0.00789093971252 0.0021710395813
3 3 20 0.112066984177 0.00960206985474 0.0028190612793
3 3 20 0.110025167465 0.0115301609039 0.00304913520813
3 4 20 0.132426977158 0.0110921859741 0.00301694869995
3 4 20 0.117985010147 0.00987315177917 0.00297999382019
3 4 20 0.106059074402 0.0113999843597 0.00292110443115
3 5 20 0.119081020355 0.0111379623413 0.00284385681152
3 5 20 0.103254079819 0.0068998336792 0.00221586227417
3 5 20 0.113244056702 0.0116450786591 0.00313115119934
3 6 20 0.12093091011 0.0111379623413 0.00357913970947
3 6 20 0.112679958344 0.0113880634308 0.00297093391418
3 6 20 0.11296582222 0.0115919113159 0.00307297706604
3 1 21 0.111067056656 0.0112459659576 0.00294804573059
3 1 21 0.110749006271 0.01114320755 0.00295996665955
3 1 21 0.113864898682 0.0109479427338 0.00292897224426
3 2 21 0.0962569713593 0.00788903236389 0.00207018852234
3 2 21 0.0800809860229 0.00657606124878 0.00195813179016
3 2 21 0.077241897583 0.00814390182495 0.00196290016174
3 3 21 0.103356122971 0.00743412971497 0.00212693214417
3 3 21 0.0829169750214 0.00640892982483 0.00202393531799
3 3 21 0.0776059627533 0.00746703147888 0.00200700759888
3 4 21 0.0788700580597 0.00729990005493 0.00197815895081
3 4 21 0.0857439041138 0.00622081756592 0.00192403793335
3 4 21 0.07839179039 0.00787210464478 0.00203609466553
3 5 21 0.0775258541107 0.00740694999695 0.00194406509399
3 5 21 0.078901052475 0.0107967853546 0.00294089317322
3 5 21 0.0811378955841 0.00715589523315 0.00196290016174
3 6 21 0.0824091434479 0.00624299049377 0.00193190574646
3 6 21 0.0784690380096 0.0074942111969 0.00193405151367
3 6 21 0.0785808563232 0.00813603401184 0.00199484825134
3 1 22 0.0841739177704 0.00747299194336 0.00221705436707
3 1 22 0.0826160907745 0.00715708732605 0.00222706794739
3 1 22 0.0783247947693 0.00631713867188 0.00203204154968
3 2 22 0.0776920318604 0.00735187530518 0.00195598602295
3 2 22 0.0785310268402 0.00709509849548 0.00200700759888
3 2 22 0.0775980949402 0.00777006149292 0.00202417373657
3 3 22 0.081344127655 0.00877690315247 0.00204014778137
3 3 22 0.0794138908386 0.0068838596344 0.00194501876831
3 3 22 0.081570148468 0.00851106643677 0.00206589698792
3 4 22 0.159552097321 0.00729417800903 0.00201296806335
3 4 22 0.0778238773346 0.00671005249023 0.0021059513092
3 4 22 0.0801558494568 0.00803184509277 0.00207996368408
3 5 22 0.0847260951996 0.00702095031738 0.00192093849182
3 5 22 0.0790770053864 0.00731086730957 0.00194787979126
3 5 22 0.0818130970001 0.00724506378174 0.00196003913879
3 6 22 0.0789680480957 0.00734710693359 0.00195097923279
3 6 22 0.0783038139343 0.00942397117615 0.00293588638306
3 6 22 0.0783231258392 0.00709009170532 0.00199103355408
3 1 23 0.0795609951019 0.00799107551575 0.00234508514404
3 1 23 0.0797021389008 0.0073139667511 0.00206613540649
3 1 23 0.0773720741272 0.00698304176331 0.00192904472351
3 2 23 0.0781760215759 0.00679492950439 0.00199890136719
3 2 23 0.0786139965057 0.00662207603455 0.00197196006775
3 2 23 0.0792899131775 0.00798892974854 0.00204515457153
3 3 23 0.0858330726624 0.0110630989075 0.00334095954895
3 3 23 0.0995659828186 0.0070788860321 0.00197696685791
3 3 23 0.0787110328674 0.00654697418213 0.00201797485352
3 4 23 0.0861308574677 0.00661396980286 0.00190401077271
3 4 23 0.0794041156769 0.00773191452026 0.00209999084473
3 4 23 0.0807127952576 0.00711512565613 0.00222611427307
3 5 23 0.0798258781433 0.00676488876343 0.0020740032196
3 5 23 0.0772519111633 0.00692486763 0.00199508666992
3 5 23 0.0916938781738 0.00639581680298 0.00197005271912
3 6 23 0.0800421237946 0.00792407989502 0.00197100639343
3 6 23 0.0778040885925 0.00648808479309 0.00197601318359
3 6 23 0.0791399478912 0.00802397727966 0.00202393531799
3 1 24 0.0963318347931 0.00850892066956 0.00218892097473
3 1 24 0.101719141006 0.00675106048584 0.00199508666992
3 1 24 0.0854351520538 0.00697112083435 0.00202703475952
3 2 24 0.0806360244751 0.00664281845093 0.00228691101074
3 2 24 0.0778610706329 0.0069260597229 0.00198101997375
3 2 24 0.0786249637604 0.00683784484863 0.0019428730011
3 3 24 0.0784430503845 0.00689291954041 0.00192189216614
3 3 24 0.0785930156708 0.00653100013733 0.00208306312561
3 3 24 0.0793290138245 0.00663495063782 0.0019359588623
3 4 24 0.0790889263153 0.00705289840698 0.0020649433136
3 4 24 0.0775270462036 0.00660181045532 0.00197601318359
3 4 24 0.0768468379974 0.00692296028137 0.00191807746887
3 5 24 0.0829181671143 0.00803279876709 0.0020968914032
3 5 24 0.0906939506531 0.00677418708801 0.00196194648743
3 5 24 0.0825910568237 0.006432056427 0.0019268989563
3 6 24 0.0760729312897 0.00750708580017 0.00197601318359
3 6 24 0.0805480480194 0.00786900520325 0.00209593772888
3 6 24 0.150382995605 0.00685501098633 0.00192213058472
3 1 25 0.0848670005798 0.00716590881348 0.00194501876831
3 1 25 0.0789558887482 0.00686502456665 0.0019109249115
3 1 25 0.0776078701019 0.00686407089233 0.00258994102478
3 2 25 0.0836510658264 0.0066499710083 0.00196409225464
3 2 25 0.0788331031799 0.00722002983093 0.00191593170166
3 2 25 0.0880370140076 0.00750780105591 0.00211906433105
3 3 25 0.0856020450592 0.00675296783447 0.00205206871033
3 3 25 0.0823171138763 0.00777196884155 0.00214290618896
3 3 25 0.0804269313812 0.00861597061157 0.0020911693573
3 4 25 0.104306936264 0.0074257850647 0.002032995224
3 4 25 0.0925350189209 0.0068039894104 0.00191807746887
3 4 25 0.0799379348755 0.00646901130676 0.00197196006775
3 5 25 0.0781359672546 0.00737881660461 0.00194406509399
3 5 25 0.0787768363953 0.0079710483551 0.00194597244263
3 5 25 0.0772819519043 0.00687599182129 0.0019199848175
3 6 25 0.0780289173126 0.00679707527161 0.00187301635742
3 6 25 0.0860941410065 0.00683307647705 0.00197100639343
3 6 25 0.0817341804504 0.0074679851532 0.00213694572449
3 1 26 0.0818378925323 0.00730395317078 0.00268411636353
3 1 26 0.0907571315765 0.0104508399963 0.00197291374207
3 1 26 0.107383966446 0.0108938217163 0.00207901000977
3 2 26 0.103289842606 0.00770592689514 0.00197291374207
3 2 26 0.0883560180664 0.00774192810059 0.0020318031311
3 2 26 0.0867040157318 0.00756812095642 0.00199699401855
3 3 26 0.106958150864 0.00631999969482 0.00195503234863
3 3 26 0.0868330001831 0.00721001625061 0.00193500518799
3 3 26 0.0841250419617 0.00670218467712 0.00195598602295
3 4 26 0.0791909694672 0.00813007354736 0.00291585922241
3 4 26 0.0816810131073 0.00911688804626 0.00218296051025
3 4 26 0.091872215271 0.00665807723999 0.00199317932129
3 5 26 0.0819029808044 0.00854897499084 0.002357006073
3 5 26 0.0826959609985 0.00953817367554 0.00377702713013
3 5 26 0.0895569324493 0.00630521774292 0.00193500518799
3 6 26 0.0799930095673 0.00675296783447 0.00192189216614
3 6 26 0.0769197940826 0.00711512565613 0.00257301330566
3 6 26 0.0809659957886 0.00632309913635 0.0021960735321
3 1 27 0.112517118454 0.00738000869751 0.00200200080872
3 1 27 0.0900280475616 0.00750708580017 0.00200891494751
3 1 27 0.0780198574066 0.00676488876343 0.00193500518799
3 2 27 0.0805430412292 0.00796699523926 0.00205612182617
3 2 27 0.0995399951935 0.00687885284424 0.00198793411255
3 2 27 0.0844640731812 0.00689792633057 0.00208210945129
3 3 27 0.0819070339203 0.00777506828308 0.00198602676392
3 3 27 0.15956902504 0.00672316551208 0.00192213058472
3 3 27 0.0785040855408 0.00645804405212 0.00196409225464
3 4 27 0.102253198624 0.00783610343933 0.00218200683594
3 4 27 0.100392103195 0.00661015510559 0.00202107429504
3 4 27 0.0943508148193 0.00870704650879 0.00314807891846
3 5 27 0.130429983139 0.0138299465179 0.00236392021179
3 5 27 0.0983319282532 0.00709295272827 0.0020968914032
3 5 27 0.0874190330505 0.00750303268433 0.00199007987976
3 6 27 0.0797729492188 0.00753402709961 0.00199389457703
3 6 27 0.0778241157532 0.00643110275269 0.00191903114319
3 6 27 0.0859320163727 0.0071439743042 0.00200009346008
3 1 28 0.0762178897858 0.00697183609009 0.0019690990448
3 1 28 0.0813899040222 0.00621294975281 0.00191497802734
3 1 28 0.0767889022827 0.0098569393158 0.0019519329071
3 2 28 0.0775578022003 0.00706005096436 0.00191116333008
3 2 28 0.0787370204926 0.00625205039978 0.00192189216614
3 2 28 0.0844850540161 0.00646901130676 0.00195479393005
3 3 28 0.083281993866 0.00820517539978 0.0021059513092
3 3 28 0.0806739330292 0.00682806968689 0.00215101242065
3 3 28 0.0794780254364 0.00806093215942 0.0020968914032
3 4 28 0.0815658569336 0.00669193267822 0.00192785263062
3 4 28 0.0828528404236 0.00621700286865 0.00191116333008
3 4 28 0.0787560939789 0.00776791572571 0.00194001197815
3 5 28 0.0846610069275 0.0063591003418 0.00198912620544
3 5 28 0.079913854599 0.00691103935242 0.00192403793335
3 5 28 0.0807509422302 0.00690293312073 0.00209999084473
3 6 28 0.0786788463593 0.00638794898987 0.00191807746887
3 6 28 0.0781719684601 0.006502866745 0.0019359588623
3 6 28 0.0814518928528 0.00695586204529 0.00192999839783
3 1 29 0.0823330879211 0.0072181224823 0.00214314460754
3 1 29 0.0836079120636 0.00744986534119 0.00193095207214
3 1 29 0.079607963562 0.00669097900391 0.00196313858032
3 2 29 0.0874259471893 0.00830483436584 0.00202798843384
3 2 29 0.078980922699 0.00756096839905 0.00194406509399
3 2 29 0.078889131546 0.00730419158936 0.00195693969727
3 3 29 0.0795459747314 0.00684189796448 0.00191807746887
3 3 29 0.083976984024 0.00742101669312 0.00192499160767
3 3 29 0.0788590908051 0.00684714317322 0.00200605392456
3 4 29 0.0844128131866 0.00682187080383 0.0019428730011
3 4 29 0.0869858264923 0.00687098503113 0.00197792053223
3 4 29 0.0784020423889 0.00678992271423 0.0019907951355
3 5 29 0.0812530517578 0.0086829662323 0.00209593772888
3 5 29 0.0952670574188 0.00657820701599 0.00219392776489
3 5 29 0.0884609222412 0.00927901268005 0.00320887565613
3 6 29 0.0816750526428 0.00710988044739 0.00195288658142
3 6 29 0.163714170456 0.00663113594055 0.0020170211792
3 6 29 0.0886948108673 0.00782108306885 0.00203704833984
3 1 30 0.079803943634 0.00821304321289 0.00205683708191
3 1 30 0.083447933197 0.00732207298279 0.00199198722839
3 1 30 0.0782670974731 0.00716495513916 0.00193095207214
3 2 30 0.0795781612396 0.0081799030304 0.00212001800537
3 2 30 0.0774149894714 0.0155818462372 0.00190782546997
3 2 30 0.0811460018158 0.00688219070435 0.00208210945129
3 3 30 0.121392965317 0.00774216651917 0.00489807128906
3 3 30 0.092344045639 0.00983500480652 0.00222897529602
3 3 30 0.0793991088867 0.00749611854553 0.00211501121521
3 4 30 0.102200031281 0.00750398635864 0.00202202796936
3 4 30 0.0861139297485 0.00971102714539 0.00256180763245
3 4 30 0.0835189819336 0.00651001930237 0.00197196006775
3 5 30 0.0769851207733 0.00700497627258 0.00197792053223
3 5 30 0.0800189971924 0.00658702850342 0.00198006629944
3 5 30 0.0870018005371 0.00681805610657 0.0019519329071
3 6 30 0.0867040157318 0.00742197036743 0.00196003913879
3 6 30 0.101040840149 0.00735807418823 0.00216197967529
3 6 30 0.0861430168152 0.00786995887756 0.00199103355408
3 1 31 0.0801889896393 0.0067310333252 0.00199007987976
3 1 31 0.0815660953522 0.00748896598816 0.00195693969727
3 1 31 0.0858829021454 0.0314271450043 0.00209093093872
3 2 31 0.0812501907349 0.00634407997131 0.00194811820984
3 2 31 0.0780880451202 0.00690913200378 0.0020010471344
3 2 31 0.0883359909058 0.0068199634552 0.00200986862183
3 3 31 0.0825610160828 0.00640988349915 0.00194191932678
3 3 31 0.0857620239258 0.00767207145691 0.00192713737488
3 3 31 0.0858528614044 0.00718092918396 0.00201392173767
3 4 31 0.0847270488739 0.00931811332703 0.00218105316162
3 4 31 0.0896751880646 0.00688719749451 0.0020740032196
3 4 31 0.0807800292969 0.00775289535522 0.00199294090271
3 5 31 0.0788249969482 0.00713801383972 0.00190901756287
3 5 31 0.0782749652863 0.00709319114685 0.00204300880432
3 5 31 0.078647851944 0.00684905052185 0.00191617012024
3 6 31 0.079078912735 0.00694489479065 0.00205206871033
3 6 31 0.0788011550903 0.00729393959045 0.00205993652344
3 6 31 0.0849499702454 0.00670194625854 0.0021071434021
3 1 32 0.107748985291 0.00868105888367 0.00312995910645
3 1 32 0.0854110717773 0.00722885131836 0.00210881233215
3 1 32 0.0795629024506 0.00703310966492 0.0020740032196
3 2 32 0.0801079273224 0.00797486305237 0.00217199325562
3 2 32 0.088320016861 0.00710201263428 0.00208783149719
3 2 32 0.0800471305847 0.0077850818634 0.002121925354
3 3 32 0.152136087418 0.00649785995483 0.00198006629944
3 3 32 0.0789251327515 0.00657415390015 0.00190591812134
3 3 32 0.0782370567322 0.00636887550354 0.00196409225464
3 4 32 0.0876438617706 0.00753307342529 0.00224995613098
3 4 32 0.0911178588867 0.00776600837708 0.00214505195618
3 4 32 0.124813079834 0.00859713554382 0.00200915336609
3 5 32 0.0924599170685 0.00817489624023 0.00271797180176
3 5 32 0.105643033981 0.00782513618469 0.00422787666321
3 5 32 0.0956559181213 0.00976586341858 0.00466299057007
3 6 32 0.0903310775757 0.00889205932617 0.00210380554199
3 6 32 0.0868690013885 0.00683999061584 0.00225615501404
3 6 32 0.0797939300537 0.00778293609619 0.00195503234863
3 1 33 0.0959420204163 0.00668001174927 0.00194692611694
3 1 33 0.0785610675812 0.00691795349121 0.00190687179565
3 1 33 0.0851109027863 0.00651502609253 0.00195908546448
3 2 33 0.077691078186 0.00681209564209 0.00192308425903
3 2 33 0.0807411670685 0.00688219070435 0.00208902359009
3 2 33 0.0846409797668 0.00638198852539 0.00194001197815
3 3 33 0.077672958374 0.00768113136292 0.00201511383057
3 3 33 0.0783910751343 0.00814509391785 0.00224304199219
3 3 33 0.0994129180908 0.00708603858948 0.00198602676392
3 4 33 0.0787749290466 0.00722503662109 0.00200891494751
3 4 33 0.0784161090851 0.00752305984497 0.00198101997375
3 4 33 0.0803859233856 0.00715708732605 0.00194001197815
3 5 33 0.0791449546814 0.0073390007019 0.00196385383606
3 5 33 0.0886948108673 0.00713586807251 0.00202107429504
3 5 33 0.0818898677826 0.0190749168396 0.00233006477356
3 6 33 0.0838508605957 0.00801396369934 0.00198483467102
3 6 33 0.083909034729 0.00648593902588 0.00198197364807
3 6 33 0.0793969631195 0.0107259750366 0.00209307670593
3 1 34 0.0898170471191 0.00872588157654 0.0022599697113
3 1 34 0.103972911835 0.00706005096436 0.00208806991577
3 1 34 0.0876700878143 0.0071759223938 0.00230693817139
3 2 34 0.0947349071503 0.00758790969849 0.00199198722839
3 2 34 0.0793340206146 0.00637197494507 0.00193905830383
3 2 34 0.0855810642242 0.00757813453674 0.00194406509399
3 3 34 0.0821950435638 0.00764894485474 0.00221800804138
3 3 34 0.0809540748596 0.00740599632263 0.00199890136719
3 3 34 0.0803730487823 0.00679993629456 0.00189399719238
3 4 34 0.0812120437622 0.0120930671692 0.00205183029175
3 4 34 0.0899939537048 0.00744199752808 0.00193190574646
3 4 34 0.0823409557343 0.00676584243774 0.00200700759888
3 5 34 0.102747917175 0.0131530761719 0.00252509117126
3 5 34 0.084440946579 0.00691318511963 0.00198888778687
3 5 34 0.152323961258 0.00805616378784 0.00398302078247
3 6 34 0.091362953186 0.00667405128479 0.00194692611694
3 6 34 0.107823133469 0.00697922706604 0.00188708305359
3 6 34 0.0871999263763 0.00645780563354 0.00195503234863
3 1 35 0.104600191116 0.00884318351746 0.00285911560059
3 1 35 0.0997951030731 0.0102541446686 0.00208592414856
3 1 35 0.0782449245453 0.0081250667572 0.00194597244263
3 2 35 0.0792591571808 0.00766396522522 0.00194096565247
3 2 35 0.0807640552521 0.00858497619629 0.00199794769287
3 2 35 0.0862979888916 0.00866103172302 0.00208687782288
3 3 35 0.0893020629883 0.00668478012085 0.00199794769287
3 3 35 0.0777931213379 0.00714492797852 0.00196290016174
3 3 35 0.0822649002075 0.00690793991089 0.00202083587646
3 4 35 0.0986490249634 0.0083179473877 0.00285601615906
3 4 35 0.0791749954224 0.00724911689758 0.00202488899231
3 4 35 0.079607963562 0.00677299499512 0.00197815895081
3 5 35 0.0813541412354 0.00716400146484 0.0019268989563
3 5 35 0.081258058548 0.00695300102234 0.00204992294312
3 5 35 0.0796849727631 0.00785183906555 0.00201201438904
3 6 35 0.0797040462494 0.00667119026184 0.0020968914032
3 6 35 0.0813939571381 0.00811386108398 0.00206899642944
3 6 35 0.0950829982758 0.00679302215576 0.00206112861633
3 1 36 0.0798990726471 0.00781512260437 0.00203895568848
3 1 36 0.0792520046234 0.00644588470459 0.00192284584045
3 1 36 0.0797669887543 0.00782418251038 0.00209093093872
3 2 36 0.0791831016541 0.00783514976501 0.0019850730896
3 2 36 0.0786459445953 0.0071542263031 0.00194406509399
3 2 36 0.0778450965881 0.00620412826538 0.00188589096069
3 3 36 0.106933116913 0.00686717033386 0.00225806236267
3 3 36 0.0778150558472 0.00736498832703 0.00195693969727
3 3 36 0.0819530487061 0.00670695304871 0.00196194648743
3 4 36 0.0813381671906 0.0101680755615 0.00291013717651
3 4 36 0.0811920166016 0.00798296928406 0.00218796730042
3 4 36 0.095860004425 0.00765800476074 0.00194001197815
3 5 36 0.0789129734039 0.00784301757812 0.00198197364807
3 5 36 0.0786371231079 0.00723695755005 0.00213193893433
3 5 36 0.0996968746185 0.0164918899536 0.00501203536987
3 6 36 0.100026130676 0.00754690170288 0.00196599960327
3 6 36 0.0945310592651 0.00700998306274 0.00206995010376
3 6 36 0.0792939662933 0.00857710838318 0.00191283226013
