size type  blanks  precomp  comp_time  postcomp
2 1 1 0.00658702850342 0.00409984588623 0.0118570327759
2 1 1 0.00770711898804 0.000885963439941 0.000981092453003
2 1 1 0.00634503364563 0.000549077987671 0.000532150268555
2 2 1 0.00658202171326 0.000535011291504 0.000488996505737
2 2 1 0.00652980804443 0.00056004524231 0.000515937805176
2 2 1 0.00635385513306 0.000561952590942 0.000478982925415
2 3 1 0.00688886642456 0.000797033309937 0.000550985336304
2 3 1 0.00719499588013 0.000810146331787 0.000504016876221
2 3 1 0.00641989707947 0.000565052032471 0.000539064407349
2 4 1 0.006352186203 0.000558137893677 0.000502824783325
2 4 1 0.00648379325867 0.000650882720947 0.000531911849976
2 4 1 0.00880980491638 0.00089693069458 0.00065279006958
2 5 1 0.00664186477661 0.000794887542725 0.000668048858643
2 5 1 0.00713396072388 0.000592947006226 0.000489950180054
2 5 1 0.00616908073425 0.00056004524231 0.000494003295898
2 6 1 0.00620198249817 0.000565052032471 0.00045108795166
2 6 1 0.00649499893188 0.000710964202881 0.000622987747192
2 6 1 0.00616693496704 0.000550031661987 0.000460863113403
2 1 2 0.00690197944641 0.000528812408447 0.000516891479492
2 1 2 0.00757503509521 0.000684976577759 0.000494003295898
2 1 2 0.00669503211975 0.000566005706787 0.000555992126465
2 2 2 0.00636911392212 0.000684976577759 0.000818967819214
2 2 2 0.00648307800293 0.000622987747192 0.000506162643433
2 2 2 0.00620198249817 0.00052285194397 0.000518083572388
2 3 2 0.00621795654297 0.000541925430298 0.000455856323242
2 3 2 0.00635385513306 0.000674962997437 0.000637054443359
2 3 2 0.00613403320312 0.00054407119751 0.00049614906311
2 4 2 0.00853991508484 0.000566959381104 0.000517845153809
2 4 2 0.00755190849304 0.000589847564697 0.00052285194397
2 4 2 0.00632691383362 0.000568866729736 0.00047779083252
2 5 2 0.00623202323914 0.000623941421509 0.000539064407349
2 5 2 0.00674200057983 0.000597953796387 0.00053596496582
2 5 2 0.00693011283875 0.00074291229248 0.000719785690308
2 6 2 0.00771999359131 0.000564813613892 0.000528812408447
2 6 2 0.0083019733429 0.00061297416687 0.000514030456543
2 6 2 0.00652718544006 0.000709056854248 0.000616788864136
2 1 3 0.00631308555603 0.000600099563599 0.000510931015015
2 1 3 0.00642490386963 0.000598907470703 0.000584125518799
2 1 3 0.00966596603394 0.000664949417114 0.000586986541748
2 2 3 0.00842809677124 0.000716924667358 0.000639915466309
2 2 3 0.0062689781189 0.000602006912231 0.000572919845581
2 2 3 0.00687193870544 0.00053596496582 0.000586986541748
2 3 3 0.00625610351562 0.000643968582153 0.000535011291504
2 3 3 0.00622487068176 0.00059700012207 0.000568866729736
2 3 3 0.0065221786499 0.000614881515503 0.000527858734131
2 4 3 0.00621294975281 0.000646114349365 0.000491142272949
2 4 3 0.00734496116638 0.000669956207275 0.000661134719849
2 4 3 0.00675201416016 0.000653982162476 0.000592947006226
2 5 3 0.00656795501709 0.000610113143921 0.000573873519897
2 5 3 0.00629591941833 0.000587940216064 0.000571012496948
2 5 3 0.00638508796692 0.000617980957031 0.000756978988647
2 6 3 0.00696492195129 0.000849008560181 0.000562191009521
2 6 3 0.00836801528931 0.00100016593933 0.000761985778809
2 6 3 0.0067298412323 0.000710964202881 0.000582933425903
2 1 4 0.00647497177124 0.000756025314331 0.000645875930786
2 1 4 0.00631403923035 0.000685930252075 0.000694990158081
2 1 4 0.00622582435608 0.000586986541748 0.000643968582153
2 2 4 0.00725603103638 0.000612020492554 0.000590085983276
2 2 4 0.0062460899353 0.000657081604004 0.000604152679443
2 2 4 0.00625491142273 0.000951051712036 0.000956058502197
2 3 4 0.00701093673706 0.00087308883667 0.000680923461914
2 3 4 0.00676107406616 0.000723123550415 0.000759124755859
2 3 4 0.00791501998901 0.000602006912231 0.000596046447754
2 4 4 0.0063099861145 0.000611066818237 0.000653028488159
2 4 4 0.00648593902588 0.00062894821167 0.000655174255371
2 4 4 0.00652003288269 0.000967979431152 0.000962972640991
2 5 4 0.00662088394165 0.00061297416687 0.000634908676147
2 5 4 0.0065438747406 0.00080418586731 0.000709056854248
2 5 4 0.00733017921448 0.000788927078247 0.000924110412598
2 6 4 0.00692701339722 0.000745058059692 0.000741004943848
2 6 4 0.00722813606262 0.000833034515381 0.00071907043457
2 6 4 0.0138051509857 0.00126099586487 0.00110483169556
2 1 5 0.00702905654907 0.000710964202881 0.000756978988647
2 1 5 0.00687003135681 0.00103807449341 0.000867128372192
2 1 5 0.0110330581665 0.000742197036743 0.000746965408325
2 2 5 0.00673007965088 0.000725984573364 0.000701904296875
2 2 5 0.00706195831299 0.000741004943848 0.000802993774414
2 2 5 0.013601064682 0.00118589401245 0.000967979431152
2 3 5 0.00672888755798 0.000744104385376 0.000661134719849
2 3 5 0.00648999214172 0.000740051269531 0.000640153884888
2 3 5 0.00647497177124 0.000715970993042 0.000694990158081
2 4 5 0.0136761665344 0.000882148742676 0.000943899154663
2 4 5 0.00698184967041 0.000707864761353 0.000649929046631
2 4 5 0.00614380836487 0.000661849975586 0.000687837600708
2 5 5 0.00724506378174 0.000676155090332 0.00065803527832
2 5 5 0.00691390037537 0.000888824462891 0.000720977783203
2 5 5 0.00673604011536 0.000909090042114 0.000653982162476
2 6 5 0.00642490386963 0.000684022903442 0.000715970993042
2 6 5 0.00652003288269 0.00107789039612 0.00119996070862
2 6 5 0.00710296630859 0.000772953033447 0.000739097595215
2 1 6 0.00625395774841 0.000638961791992 0.000634908676147
2 1 6 0.0063579082489 0.000679016113281 0.000656843185425
2 1 6 0.00711989402771 0.000916004180908 0.00074291229248
2 2 6 0.00701904296875 0.00127506256104 0.000981092453003
2 2 6 0.00638604164124 0.00078296661377 0.000733852386475
2 2 6 0.00855493545532 0.000821113586426 0.000760078430176
2 3 6 0.00679898262024 0.000910997390747 0.000820875167847
2 3 6 0.00630593299866 0.00081205368042 0.000656843185425
2 3 6 0.00624704360962 0.000837802886963 0.000730991363525
2 4 6 0.00808691978455 0.0012059211731 0.000986099243164
2 4 6 0.00667405128479 0.000876903533936 0.000777006149292
2 4 6 0.00625085830688 0.000931978225708 0.000860929489136
2 5 6 0.00678586959839 0.000886917114258 0.000947952270508
2 5 6 0.00743985176086 0.000932931900024 0.000757217407227
2 5 6 0.00641202926636 0.000813961029053 0.000952005386353
2 6 6 0.00673198699951 0.00104784965515 0.00168299674988
2 6 6 0.00679397583008 0.000717878341675 0.000648021697998
2 6 6 0.00657892227173 0.000895977020264 0.000839948654175
2 1 7 0.0063841342926 0.000673055648804 0.000632047653198
2 1 7 0.00641798973083 0.000692129135132 0.000647068023682
2 1 7 0.00657105445862 0.000843048095703 0.000667095184326
2 2 7 0.0065290927887 0.000648975372314 0.000612020492554
2 2 7 0.00774097442627 0.000785112380981 0.000724077224731
2 2 7 0.00653982162476 0.000761985778809 0.000679969787598
2 3 7 0.00631809234619 0.000669956207275 0.000638008117676
2 3 7 0.00644397735596 0.00070595741272 0.000716924667358
2 3 7 0.00629210472107 0.000642061233521 0.000653028488159
2 4 7 0.00648713111877 0.000713109970093 0.000649929046631
2 4 7 0.00744795799255 0.000696897506714 0.000663995742798
2 4 7 0.00699901580811 0.000768899917603 0.000685930252075
2 5 7 0.00662398338318 0.000712156295776 0.000676870346069
2 5 7 0.00629091262817 0.000631093978882 0.000696182250977
2 5 7 0.00641012191772 0.000669956207275 0.000678062438965
2 6 7 0.00639700889587 0.00068187713623 0.000631809234619
2 6 7 0.0126419067383 0.00127792358398 0.000969171524048
2 6 7 0.00651884078979 0.000733852386475 0.000653028488159
2 1 8 0.00813889503479 0.00066089630127 0.000670194625854
2 1 8 0.00650000572205 0.000779151916504 0.000648021697998
2 1 8 0.00624990463257 0.000684022903442 0.000611066818237
2 2 8 0.00626516342163 0.000622987747192 0.000746011734009
2 2 8 0.00639295578003 0.00069785118103 0.00073504447937
2 2 8 0.0062620639801 0.000684022903442 0.000670909881592
2 3 8 0.00677680969238 0.000856876373291 0.000828981399536
2 3 8 0.00687313079834 0.00072193145752 0.00068998336792
2 3 8 0.00623607635498 0.000645160675049 0.00068998336792
2 4 8 0.00710797309875 0.000627040863037 0.000698089599609
2 4 8 0.00634098052979 0.00064492225647 0.000659942626953
2 4 8 0.00633001327515 0.000622987747192 0.000647068023682
2 5 8 0.00633096694946 0.000710964202881 0.000651121139526
2 5 8 0.00731086730957 0.000840187072754 0.000715970993042
2 5 8 0.00660395622253 0.000802040100098 0.00073504447937
2 6 8 0.00625586509705 0.000647068023682 0.000702142715454
2 6 8 0.00634503364563 0.000641822814941 0.000618934631348
2 6 8 0.00621700286865 0.000643968582153 0.000653028488159
2 1 9 0.0060760974884 0.000673055648804 0.000616073608398
2 1 9 0.00642108917236 0.000715970993042 0.000637769699097
2 1 9 0.00844812393188 0.000816106796265 0.000738143920898
2 2 9 0.00685405731201 0.000667095184326 0.000658988952637
2 2 9 0.00753998756409 0.000808954238892 0.000939130783081
2 2 9 0.00706601142883 0.000715017318726 0.000724077224731
2 3 9 0.0063009262085 0.000592947006226 0.000657081604004
2 3 9 0.00625991821289 0.000645875930786 0.000678062438965
2 3 9 0.00625801086426 0.000661849975586 0.000662088394165
2 4 9 0.00644588470459 0.000735998153687 0.000641822814941
2 4 9 0.00658202171326 0.000662088394165 0.000730991363525
2 4 9 0.00743913650513 0.000699043273926 0.000752925872803
2 5 9 0.00698900222778 0.000715970993042 0.000832796096802
2 5 9 0.00625777244568 0.000640869140625 0.000643014907837
2 5 9 0.00674200057983 0.000710010528564 0.000700950622559
2 6 9 0.00629210472107 0.000730991363525 0.000648021697998
2 6 9 0.00622797012329 0.000622987747192 0.000710964202881
2 6 9 0.00744700431824 0.000656843185425 0.000741004943848
2 1 10 0.00635385513306 0.000633001327515 0.00068211555481
2 1 10 0.00761198997498 0.000825881958008 0.000699043273926
2 1 10 0.00697708129883 0.000818967819214 0.000736951828003
2 2 10 0.00673413276672 0.000708103179932 0.000737905502319
2 2 10 0.00680589675903 0.000696897506714 0.000696182250977
2 2 10 0.00727605819702 0.000838994979858 0.000756025314331
2 3 10 0.0119769573212 0.00116109848022 0.00091814994812
2 3 10 0.0115690231323 0.00126314163208 0.00102400779724
2 3 10 0.0100820064545 0.00107598304749 0.000715970993042
2 4 10 0.00846004486084 0.000807046890259 0.00280594825745
2 4 10 0.00733590126038 0.000840902328491 0.000762224197388
2 4 10 0.00664496421814 0.000931024551392 0.000877857208252
2 5 10 0.00639295578003 0.000743865966797 0.000680208206177
2 5 10 0.00673413276672 0.000749111175537 0.000773906707764
2 5 10 0.00633311271667 0.000856161117554 0.00147795677185
2 6 10 0.00646305084229 0.000808000564575 0.000769138336182
2 6 10 0.00692105293274 0.00124502182007 0.000881910324097
2 6 10 0.00630307197571 0.000725984573364 0.000747919082642
2 1 11 0.00627088546753 0.000723123550415 0.000690937042236
2 1 11 0.00613188743591 0.00070595741272 0.000713109970093
2 1 11 0.00624680519104 0.000702857971191 0.00118398666382
2 2 11 0.00884008407593 0.000700950622559 0.00065803527832
2 2 11 0.00627207756042 0.000688076019287 0.000685930252075
2 2 11 0.0062620639801 0.000828981399536 0.000914096832275
2 3 11 0.00662302970886 0.000866174697876 0.00068998336792
2 3 11 0.00641179084778 0.000717878341675 0.000691890716553
2 3 11 0.00684499740601 0.000715970993042 0.000684022903442
2 4 11 0.00641393661499 0.000665187835693 0.000695943832397
2 4 11 0.0063009262085 0.000691175460815 0.000678062438965
2 4 11 0.00664281845093 0.00097393989563 0.00101017951965
2 5 11 0.00637984275818 0.000657796859741 0.000669002532959
2 5 11 0.0221261978149 0.00150895118713 0.000832080841064
2 5 11 0.0087878704071 0.00111484527588 0.000886917114258
2 6 11 0.00918292999268 0.000725984573364 0.000748872756958
2 6 11 0.00646305084229 0.000649929046631 0.000631093978882
2 6 11 0.00622510910034 0.000638008117676 0.000619173049927
2 1 12 0.00619101524353 0.00068998336792 0.000694990158081
2 1 12 0.0129971504211 0.00115394592285 0.000943899154663
2 1 12 0.00716614723206 0.000785112380981 0.000831127166748
2 2 12 0.00643801689148 0.000832080841064 0.00068998336792
2 2 12 0.00854396820068 0.000691890716553 0.00106692314148
2 2 12 0.00619101524353 0.000639915466309 0.000631093978882
2 3 12 0.00682592391968 0.00276303291321 0.00065279006958
2 3 12 0.0108370780945 0.000679016113281 0.000645160675049
2 3 12 0.00630521774292 0.000648975372314 0.000673055648804
2 4 12 0.00625014305115 0.000642061233521 0.000633955001831
2 4 12 0.00643110275269 0.000851154327393 0.000921010971069
2 4 12 0.00624799728394 0.000699043273926 0.000709056854248
2 5 12 0.00643706321716 0.000688076019287 0.000651836395264
2 5 12 0.00773811340332 0.000746965408325 0.000664949417114
2 5 12 0.006352186203 0.000744104385376 0.000669002532959
2 6 12 0.0136280059814 0.00895309448242 0.000741958618164
2 6 12 0.00636196136475 0.000718116760254 0.000711917877197
2 6 12 0.00825715065002 0.000650882720947 0.00433397293091
2 1 13 0.00797605514526 0.000707864761353 0.00068211555481
2 1 13 0.0101909637451 0.000793933868408 0.000655889511108
2 1 13 0.00660991668701 0.000901937484741 0.000791072845459
2 2 13 0.00631499290466 0.000715017318726 0.000715970993042
2 2 13 0.00709390640259 0.000716924667358 0.000735998153687
2 2 13 0.00641798973083 0.000651836395264 0.000678777694702
2 3 13 0.00644493103027 0.00072193145752 0.000681161880493
2 3 13 0.00646877288818 0.000740051269531 0.000727891921997
2 3 13 0.00764203071594 0.000787019729614 0.000733137130737
2 4 13 0.00848579406738 0.000930070877075 0.000714063644409
2 4 13 0.00618004798889 0.000643968582153 0.000645875930786
2 4 13 0.00650310516357 0.000669002532959 0.000701189041138
2 5 13 0.00691390037537 0.000728845596313 0.000689029693604
2 5 13 0.0064651966095 0.000684022903442 0.000663042068481
2 5 13 0.00814414024353 0.000965118408203 0.000772953033447
2 6 13 0.00755214691162 0.000672101974487 0.000717878341675
2 6 13 0.00640916824341 0.000652074813843 0.000689029693604
2 6 13 0.00628519058228 0.000693082809448 0.000647068023682
2 1 14 0.00621509552002 0.000652074813843 0.000773906707764
2 1 14 0.00622296333313 0.000648975372314 0.000663042068481
2 1 14 0.00644898414612 0.000715017318726 0.000700950622559
2 2 14 0.00686311721802 0.000813961029053 0.000694990158081
2 2 14 0.00635290145874 0.000703811645508 0.00074291229248
2 2 14 0.00628995895386 0.000620126724243 0.000710010528564
2 3 14 0.00632095336914 0.000669002532959 0.000630855560303
2 3 14 0.00626516342163 0.000715970993042 0.000668048858643
2 3 14 0.00624895095825 0.000669002532959 0.000672101974487
2 4 14 0.0137197971344 0.00135397911072 0.00124311447144
2 4 14 0.00683903694153 0.000788927078247 0.000750064849854
2 4 14 0.00758981704712 0.00146818161011 0.00152206420898
2 5 14 0.0072500705719 0.00083589553833 0.000834941864014
2 5 14 0.00713396072388 0.000932931900024 0.000921964645386
2 5 14 0.00715208053589 0.000909090042114 0.000829935073853
2 6 14 0.0070641040802 0.000968933105469 0.000906229019165
2 6 14 0.0138030052185 0.000855922698975 0.00079607963562
2 6 14 0.00692510604858 0.000831127166748 0.000776052474976
2 1 15 0.00980687141418 0.00076699256897 0.00104308128357
2 1 15 0.00666904449463 0.00102186203003 0.000921964645386
2 1 15 0.00640082359314 0.00237202644348 0.00113987922668
2 2 15 0.00652694702148 0.000843048095703 0.000823020935059
2 2 15 0.00872111320496 0.00133299827576 0.000978946685791
2 2 15 0.00627207756042 0.000753879547119 0.000697135925293
2 3 15 0.00668096542358 0.000790119171143 0.000710010528564
2 3 15 0.00623393058777 0.000622034072876 0.000715017318726
2 3 15 0.00718402862549 0.000667095184326 0.000663995742798
2 4 15 0.00642108917236 0.000694036483765 0.000665903091431
2 4 15 0.00641417503357 0.000696897506714 0.000661849975586
2 4 15 0.00663900375366 0.00105881690979 0.00105404853821
2 5 15 0.00613784790039 0.000635862350464 0.000651836395264
2 5 15 0.00717306137085 0.000778913497925 0.000711917877197
2 5 15 0.00772905349731 0.000735998153687 0.000675201416016
2 6 15 0.0062689781189 0.00062108039856 0.000736951828003
2 6 15 0.00639700889587 0.000640869140625 0.000662803649902
2 6 15 0.00651693344116 0.00076699256897 0.000635147094727
2 1 16 0.00795817375183 0.00092601776123 0.000813007354736
2 1 16 0.0062370300293 0.000734090805054 0.000648975372314
2 1 16 0.00684905052185 0.000833988189697 0.000733137130737
2 2 16 0.0063591003418 0.000698089599609 0.000713109970093
2 2 16 0.0061948299408 0.000619888305664 0.000739812850952
2 2 16 0.0107109546661 0.000697135925293 0.000694036483765
2 3 16 0.00652003288269 0.000639915466309 0.000656127929688
2 3 16 0.0066831111908 0.000849962234497 0.000891208648682
2 3 16 0.00631403923035 0.000632047653198 0.000679969787598
2 4 16 0.00737690925598 0.000677108764648 0.00071120262146
2 4 16 0.00622797012329 0.000626087188721 0.000685930252075
2 4 16 0.00627708435059 0.000641822814941 0.00330495834351
2 5 16 0.00637292861938 0.000619888305664 0.000743865966797
2 5 16 0.010311126709 0.000730037689209 0.000668048858643
2 5 16 0.00850319862366 0.000804901123047 0.000926971435547
2 6 16 0.00674486160278 0.000854969024658 0.000818967819214
2 6 16 0.00733113288879 0.000662088394165 0.00075101852417
2 6 16 0.006267786026 0.000670909881592 0.000663995742798
