size  blanks  time  guess  backtrack
12  1  0.215517044067  0  0
12  1  0.0685050487518  0  0
12  1  0.097293138504  0  0
12  1  0.0714209079742  0  0
12  1  0.0435299873352  0  0
12  1  0.0387198925018  0  0
12  1  0.0384120941162  0  0
12  1  0.0378000736237  0  0
12  1  0.0423979759216  0  0
12  1  0.082640171051  0  0
12  1  0.0446090698242  0  0
12  1  0.0608170032501  0  0
12  1  0.0763828754425  0  0
12  1  0.0596399307251  0  0
12  1  0.0570869445801  0  0
12  1  0.0744390487671  0  0
12  1  0.0636570453644  0  0
12  1  0.107886075974  0  0
12  1  0.0773379802704  0  0
12  1  0.0530588626862  0  0
12  1  0.105428934097  0  0
12  1  0.0902621746063  0  0
12  1  0.0768828392029  0  0
12  1  0.0734188556671  0  0
12  1  0.0640940666199  0  0
12  1  0.0668160915375  0  0
12  1  0.068470954895  0  0
12  1  0.0595190525055  0  0
12  1  0.0640778541565  0  0
12  1  0.0366458892822  0  0
12  2  0.0507318973541  0  0
12  2  0.0501811504364  0  0
12  2  0.0436589717865  0  0
12  2  0.0457770824432  0  0
12  2  0.0414810180664  0  0
12  2  0.0939857959747  0  0
12  2  0.0840249061584  0  0
12  2  0.107409954071  0  0
12  2  0.0815570354462  0  0
12  2  0.0511360168457  0  0
12  2  0.0720460414886  0  0
12  2  0.0673391819  0  0
12  2  0.0355648994446  0  0
12  2  0.040755033493  0  0
12  2  0.0284929275513  0  0
12  2  0.0482659339905  0  0
12  2  0.0928468704224  0  0
12  2  0.0546989440918  0  0
12  2  0.0952060222626  0  0
12  2  0.0801310539246  0  0
12  2  0.0357570648193  0  0
12  2  0.0404348373413  0  0
12  2  0.0761690139771  0  0
12  2  0.0817379951477  0  0
12  2  0.0402760505676  0  0
12  2  0.0399777889252  0  0
12  2  0.0588009357452  0  0
12  2  0.0732529163361  0  0
12  2  0.0728068351746  0  0
12  2  0.0678808689117  0  0
12  3  0.080913066864  0  0
12  3  0.0730209350586  0  0
12  3  0.0698938369751  0  0
12  3  0.073490858078  0  0
12  3  0.072124004364  0  0
12  3  0.0752060413361  0  0
12  3  0.0658469200134  0  0
12  3  0.0553591251373  0  0
12  3  0.0630099773407  0  0
12  3  0.108021974564  0  0
12  3  0.081356048584  0  0
12  3  0.0778779983521  0  0
12  3  0.0682890415192  0  0
12  3  0.0926930904388  0  0
12  3  0.0927999019623  0  0
12  3  0.0741159915924  0  0
12  3  0.0524289608002  0  0
12  3  0.0424420833588  0  0
12  3  0.0397748947144  0  0
12  3  0.0385749340057  0  0
12  3  0.0408010482788  0  0
12  3  0.0452442169189  0  0
12  3  0.04181599617  0  0
12  3  0.0433669090271  0  0
12  3  0.0416009426117  0  0
12  3  0.0405950546265  0  0
12  3  0.0429301261902  0  0
12  3  0.0309648513794  0  0
12  3  0.0466341972351  0  0
12  3  0.0276172161102  0  0
12  4  0.0637490749359  0  0
12  4  0.135219812393  0  0
12  4  0.0690410137177  0  0
12  4  0.0585789680481  0  0
12  4  0.111662864685  0  0
12  4  0.0654499530792  0  0
12  4  0.105829000473  0  0
12  4  0.0811080932617  0  0
12  4  0.0699338912964  0  0
12  4  0.0501918792725  0  0
12  4  0.0900599956512  0  0
12  4  0.064080953598  0  0
12  4  0.0999970436096  0  0
12  4  0.0970978736877  0  0
12  4  0.0987479686737  0  0
12  4  0.111074924469  0  0
12  4  0.103801012039  0  0
12  4  0.070631980896  0  0
12  4  0.103646993637  0  0
12  4  0.174929141998  0  0
12  4  0.133287906647  0  0
12  4  0.118770122528  0  0
12  4  0.052503824234  0  0
12  4  0.0379829406738  0  0
12  4  0.0313429832458  0  0
12  4  0.0363509654999  0  0
12  4  0.047217130661  0  0
12  4  0.036141872406  0  0
12  4  0.0927360057831  0  0
12  4  0.111020088196  0  0
12  5  0.0871520042419  0  0
12  5  0.0888118743896  0  0
12  5  0.0854678153992  0  0
12  5  0.0756239891052  0  0
12  5  0.0493168830872  0  0
12  5  0.0602440834045  0  0
12  5  0.0653369426727  0  0
12  5  0.0920159816742  0  0
12  5  0.0606429576874  0  0
12  5  0.0271210670471  0  0
12  5  0.030907869339  0  0
12  5  0.0262560844421  0  0
12  5  0.0943248271942  0  0
12  5  0.0402989387512  0  0
12  5  0.0198540687561  0  0
12  5  0.0254921913147  0  0
12  5  0.0275180339813  0  0
12  5  0.0264739990234  0  0
12  5  0.0299260616302  0  0
12  5  0.038999080658  0  0
12  5  0.0868089199066  0  0
12  5  0.0472249984741  0  0
12  5  0.0430161952972  0  0
12  5  0.0440509319305  0  0
12  5  0.039498090744  0  0
12  5  0.0362119674683  0  0
12  5  0.0235781669617  0  0
12  5  0.024650812149  0  0
12  5  0.0223469734192  0  0
12  5  0.0205411911011  0  0
12  6  0.0680940151215  0  0
12  6  0.0612871646881  0  0
12  6  0.0592660903931  0  0
12  6  0.044075012207  0  0
12  6  0.0378150939941  0  0
12  6  0.0239820480347  0  0
12  6  0.0379030704498  0  0
12  6  0.0463321208954  0  0
12  6  0.0547239780426  0  0
12  6  0.0478570461273  0  0
12  6  0.040116071701  0  0
12  6  0.0529429912567  0  0
12  6  0.0973501205444  0  0
12  6  0.0787649154663  0  0
12  6  0.0949990749359  0  0
12  6  0.0998930931091  0  0
12  6  0.0907409191132  0  0
12  6  0.108381032944  0  0
12  6  0.0978651046753  0  0
12  6  0.139762878418  0  0
12  6  0.0560269355774  0  0
12  6  0.0804359912872  0  0
12  6  0.0731520652771  0  0
12  6  0.0506618022919  0  0
12  6  0.0488958358765  0  0
12  6  0.0515949726105  0  0
12  6  0.0224671363831  0  0
12  6  0.0286011695862  0  0
12  6  0.0218210220337  0  0
12  6  0.0733799934387  0  0
12  7  0.0827360153198  0  0
12  7  0.075168132782  0  0
12  7  0.119606018066  0  0
12  7  0.10499215126  0  0
12  7  0.0714628696442  0  0
12  7  0.0491678714752  0  0
12  7  0.0438599586487  0  0
12  7  0.0933690071106  0  0
12  7  0.0713520050049  0  0
12  7  0.0912899971008  0  0
12  7  0.0857949256897  0  0
12  7  0.0884239673615  0  0
12  7  0.0872139930725  0  0
12  7  0.0767669677734  0  0
12  7  0.0533380508423  0  0
12  7  0.100780010223  0  0
12  7  0.0727500915527  0  0
12  7  0.141931056976  0  0
12  7  0.073499917984  0  0
12  7  0.0511410236359  0  0
12  7  0.0887448787689  0  0
12  7  0.151968002319  0  0
12  7  0.123276948929  0  0
12  7  0.109577894211  0  0
12  7  0.0751800537109  0  0
12  7  0.0735459327698  0  0
12  7  0.0823199748993  0  0
12  7  0.0804769992828  0  0
12  7  0.0752689838409  0  0
12  7  0.081864118576  0  0
12  8  0.0741491317749  0  0
12  8  0.06667304039  0  0
12  8  0.0801701545715  0  0
12  8  0.055655002594  0  0
12  8  0.0551660060883  0  0
12  8  0.0616750717163  0  0
12  8  0.0779559612274  0  0
12  8  0.105632066727  0  0
12  8  0.0880930423737  0  0
12  8  0.0607249736786  0  0
12  8  0.0436730384827  0  0
12  8  0.0363941192627  0  0
12  8  0.0737171173096  0  0
12  8  0.0620729923248  0  0
12  8  0.070620059967  0  0
12  8  0.0630929470062  0  0
12  8  0.0856759548187  0  0
12  8  0.1030189991  0  0
12  8  0.0730860233307  0  0
12  8  0.0572628974915  0  0
12  8  0.100374937057  0  0
12  8  0.0808160305023  0  0
12  8  0.0889809131622  0  0
12  8  0.122586965561  0  0
12  8  0.080708026886  0  0
12  8  0.0861480236053  0  0
12  8  0.104207992554  0  0
12  8  0.109647035599  0  0
12  8  0.0731658935547  0  0
12  8  0.06614112854  0  0
12  9  0.0781729221344  0  0
12  9  0.126590967178  0  0
12  9  0.0728189945221  0  0
12  9  0.0754330158234  0  0
12  9  0.0856771469116  0  0
12  9  0.0610201358795  0  0
12  9  0.0735218524933  0  0
12  9  0.0953249931335  0  0
12  9  0.0879700183868  0  0
12  9  0.104911088943  0  0
12  9  0.11195898056  0  0
12  9  0.0880239009857  0  0
12  9  0.143772125244  0  0
12  9  0.0732259750366  0  0
12  9  0.0673668384552  0  0
12  9  0.0753269195557  0  0
12  9  0.031327009201  0  0
12  9  0.0683219432831  0  0
12  9  0.028825044632  0  0
12  9  0.0267941951752  0  0
12  9  0.0273530483246  0  0
12  9  0.0310859680176  0  0
12  9  0.0230729579926  0  0
12  9  0.0248131752014  0  0
12  9  0.0585558414459  0  0
12  9  0.0462188720703  0  0
12  9  0.0511629581451  0  0
12  9  0.111465930939  0  0
12  9  0.134493112564  0  0
12  9  0.141362905502  0  0
12  10  0.09033203125  0  0
12  10  0.0841841697693  0  0
12  10  0.106875181198  0  0
12  10  0.12925696373  0  0
12  10  0.0953929424286  0  0
12  10  0.089154958725  0  0
12  10  0.119935035706  0  0
12  10  0.104293107986  0  0
12  10  0.0879490375519  0  0
12  10  0.0687668323517  0  0
12  10  0.0759630203247  0  0
12  10  0.0931429862976  0  0
12  10  0.0790991783142  0  0
12  10  0.0611190795898  0  0
12  10  0.050952911377  0  0
12  10  0.0252249240875  0  0
12  10  0.0263478755951  0  0
12  10  0.0293798446655  0  0
12  10  0.0724790096283  0  0
12  10  0.0956530570984  0  0
12  10  0.0582790374756  0  0
12  10  0.09246301651  0  0
12  10  0.0735399723053  0  0
12  10  0.0424520969391  0  0
12  10  0.0470199584961  0  0
12  10  0.0400669574738  0  0
12  10  0.0534257888794  0  0
12  10  0.0525629520416  0  0
12  10  0.0477828979492  0  0
12  10  0.0431489944458  0  0
12  11  0.0414681434631  0  0
12  11  0.0480840206146  0  0
12  11  0.0742239952087  0  0
12  11  0.0970921516418  0  0
12  11  0.0785231590271  0  0
12  11  0.157624006271  0  0
12  11  0.0858268737793  0  0
12  11  0.0862309932709  0  0
12  11  0.0616679191589  0  0
12  11  0.114741802216  0  0
12  11  0.0876541137695  0  0
12  11  0.0908479690552  0  0
12  11  0.0893931388855  0  0
12  11  0.107237100601  0  0
12  11  0.0665628910065  0  0
12  11  0.0561308860779  0  0
12  11  0.113350868225  0  0
12  11  0.0674459934235  0  0
12  11  0.0444641113281  0  0
12  11  0.0370941162109  0  0
12  11  0.048141002655  0  0
12  11  0.0456130504608  0  0
12  11  0.104604005814  0  0
12  11  0.0699059963226  0  0
12  11  0.0281481742859  0  0
12  11  0.0610837936401  0  0
12  11  0.0385301113129  0  0
12  11  0.0867910385132  0  0
12  11  0.0402200222015  0  0
12  11  0.0250961780548  0  0
12  12  0.0243139266968  0  0
12  12  0.0250658988953  0  0
12  12  0.0284581184387  0  0
12  12  0.0282709598541  0  0
12  12  0.0339958667755  0  0
12  12  0.0266280174255  0  0
12  12  0.0485739707947  0  0
12  12  0.0620710849762  0  0
12  12  0.0439119338989  0  0
12  12  0.0391979217529  0  0
12  12  0.0394880771637  0  0
12  12  0.0346400737762  0  0
12  12  0.0747799873352  0  0
12  12  0.0427739620209  0  0
12  12  0.101078033447  0  0
12  12  0.048369884491  0  0
12  12  0.0538959503174  0  0
12  12  0.0432500839233  0  0
12  12  0.0512869358063  0  0
12  12  0.0472950935364  0  0
12  12  0.0451650619507  0  0
12  12  0.0512399673462  0  0
12  12  0.0865588188171  0  0
12  12  0.0670650005341  0  0
12  12  0.0659401416779  0  0
12  12  0.0958499908447  0  0
12  12  0.0443770885468  0  0
12  12  0.0795338153839  0  0
12  12  0.0537021160126  0  0
12  12  0.0493459701538  0  0
12  13  0.0452070236206  0  0
12  13  0.0370180606842  0  0
12  13  0.0471379756927  0  0
12  13  0.0241448879242  0  0
12  13  0.0274908542633  0  0
12  13  0.0416121482849  0  0
12  13  0.0430500507355  0  0
12  13  0.041512966156  0  0
12  13  0.0258529186249  0  0
12  13  0.0626242160797  0  0
12  13  0.0498480796814  0  0
12  13  0.0936241149902  0  0
12  13  0.10423207283  0  0
12  13  0.0656008720398  0  0
12  13  0.0585269927979  0  0
12  13  0.077467918396  0  0
12  13  0.0812060832977  0  0
12  13  0.101889848709  0  0
12  13  0.0711948871613  0  0
12  13  0.0971651077271  0  0
12  13  0.100183963776  0  0
12  13  0.102334976196  0  0
12  13  0.107061862946  0  0
12  13  0.0882568359375  0  0
12  13  0.0752060413361  0  0
12  13  0.0927319526672  0  0
12  13  0.053966999054  0  0
12  13  0.0354208946228  0  0
12  13  0.0269269943237  0  0
12  13  0.0465729236603  0  0
12  14  0.0654828548431  0  0
12  14  0.0731210708618  0  0
12  14  0.0965178012848  0  0
12  14  0.100728988647  0  0
12  14  0.0799119472504  0  0
12  14  0.0671179294586  0  0
12  14  0.0863351821899  0  0
12  14  0.0916769504547  0  0
12  14  0.0880198478699  0  0
12  14  0.0962719917297  0  0
12  14  0.0623650550842  0  0
12  14  0.104506969452  0  0
12  14  0.0806879997253  0  0
12  14  0.0310959815979  0  0
12  14  0.0893030166626  0  0
12  14  0.0467150211334  0  0
12  14  0.0679681301117  0  0
12  14  0.0469629764557  0  0
12  14  0.109521865845  0  0
12  14  0.100095033646  0  0
12  14  0.0387728214264  0  0
12  14  0.126694917679  0  0
12  14  0.116502046585  0  0
12  14  0.0514121055603  0  0
12  14  0.110734939575  0  0
12  14  0.0488770008087  0  0
12  14  0.044853925705  0  0
12  14  0.0608549118042  0  0
12  14  0.0350589752197  0  0
12  14  0.0571739673615  0  0
12  15  0.0271458625793  0  0
12  15  0.0540449619293  0  0
12  15  0.0591950416565  0  0
12  15  0.0748569965363  0  0
12  15  0.0541341304779  0  0
12  15  0.0501019954681  0  0
12  15  0.0933930873871  0  0
12  15  0.0788209438324  0  0
12  15  0.0838658809662  0  0
12  15  0.0804810523987  0  0
12  15  0.0908141136169  0  0
12  15  0.083447933197  0  0
12  15  0.0704021453857  0  0
12  15  0.0933640003204  0  0
12  15  0.0467278957367  0  0
12  15  0.0492680072784  0  0
12  15  0.0598409175873  0  0
12  15  0.0928120613098  0  0
12  15  0.0802049636841  0  0
12  15  0.0389411449432  0  0
12  15  0.0371100902557  0  0
12  15  0.0273690223694  0  0
12  15  0.0580921173096  0  0
12  15  0.0438690185547  0  0
12  15  0.0672929286957  0  0
12  15  0.0829010009766  0  0
12  15  0.0658710002899  0  0
12  15  0.0639610290527  0  0
12  15  0.0902719497681  0  0
12  15  0.0825088024139  0  0
12  16  0.134553909302  0  0
12  16  0.0603168010712  0  0
12  16  0.0460560321808  0  0
12  16  0.0785970687866  0  0
12  16  0.0854861736298  0  0
12  16  0.0967519283295  0  0
12  16  0.0886261463165  0  0
12  16  0.105346918106  0  0
12  16  0.0863320827484  0  0
12  16  0.106008052826  0  0
12  16  0.0446350574493  0  0
12  16  0.0965700149536  0  0
12  16  0.0818920135498  0  0
12  16  0.0595500469208  0  0
12  16  0.0408129692078  0  0
12  16  0.0601890087128  0  0
12  16  0.0474901199341  0  0
12  16  0.0466980934143  0  0
12  16  0.109449148178  0  0
12  16  0.039036989212  0  0
12  16  0.0514361858368  0  0
12  16  0.111560106277  0  0
12  16  0.0981910228729  0  0
12  16  0.104074001312  0  0
12  16  0.0965170860291  0  0
12  16  0.119216918945  0  0
12  16  0.103980064392  0  0
12  16  0.0442519187927  0  0
12  16  0.0564270019531  0  0
12  16  0.100303888321  0  0
12  17  0.0837087631226  0  0
12  17  0.113363027573  0  0
12  17  0.0851399898529  0  0
12  17  0.0766949653625  0  0
12  17  0.0759601593018  0  0
12  17  0.0227761268616  0  0
12  17  0.0330219268799  0  0
12  17  0.0225250720978  0  0
12  17  0.0549559593201  0  0
12  17  0.0512411594391  0  0
12  17  0.0469648838043  0  0
12  17  0.0387361049652  0  0
12  17  0.101984024048  0  0
12  17  0.0850300788879  0  0
12  17  0.108107089996  0  0
12  17  0.0437598228455  0  0
12  17  0.043004989624  0  0
12  17  0.0948240756989  0  0
12  17  0.0703458786011  0  0
12  17  0.0906109809875  0  0
12  17  0.061527967453  0  0
12  17  0.0434458255768  0  0
12  17  0.0626518726349  0  0
12  17  0.076721906662  0  0
12  17  0.0889298915863  0  0
12  17  0.0884110927582  0  0
12  17  0.119240045547  0  0
12  17  0.0860719680786  0  0
12  17  0.0747339725494  0  0
12  17  0.0705320835114  0  0
12  18  0.0794479846954  0  0
12  18  0.0678951740265  0  0
12  18  0.0541689395905  0  0
12  18  0.244738101959  2  1
12  18  0.0686118602753  0  0
12  18  0.0504519939423  0  0
12  18  0.0450189113617  0  0
12  18  0.0985329151154  0  0
12  18  0.0477659702301  0  0
12  18  0.0387279987335  0  0
12  18  0.0467159748077  0  0
12  18  0.0535471439362  0  0
12  18  0.0252809524536  0  0
12  18  0.0274848937988  0  0
12  18  0.0302309989929  0  0
12  18  0.0466611385345  0  0
12  18  0.0594589710236  0  0
12  18  0.0838899612427  0  0
12  18  0.0995831489563  0  0
12  18  0.085028886795  0  0
12  18  0.0626039505005  0  0
12  18  0.0948679447174  0  0
12  18  0.0825748443604  0  0
12  18  0.0945332050323  0  0
12  18  0.0323340892792  0  0
12  18  0.0258839130402  0  0
12  18  0.0249559879303  0  0
12  18  0.0244479179382  0  0
12  18  0.0246350765228  0  0
12  18  0.0671110153198  0  0
12  19  0.0408239364624  0  0
12  19  0.05011510849  0  0
12  19  0.0471620559692  0  0
12  19  0.063215970993  0  0
12  19  0.0928099155426  0  0
12  19  0.074187040329  0  0
12  19  0.11501288414  0  0
12  19  0.0783770084381  0  0
12  19  0.0945730209351  0  0
12  19  0.111886978149  0  0
12  19  0.0570840835571  0  0
12  19  0.0539679527283  0  0
12  19  0.039134979248  0  0
12  19  0.0367221832275  0  0
12  19  0.0258638858795  0  0
12  19  0.101381778717  0  0
12  19  0.0513160228729  0  0
12  19  0.0498700141907  0  0
12  19  0.0429158210754  0  0
12  19  0.108482122421  0  0
12  19  0.153298139572  0  0
12  19  0.0799958705902  0  0
12  19  0.102772951126  0  0
12  19  0.0810420513153  0  0
12  19  0.0660879611969  0  0
12  19  0.0970451831818  0  0
12  19  0.0722949504852  0  0
12  19  0.0825951099396  0  0
12  19  0.098308801651  0  0
12  19  0.0987458229065  0  0
12  20  0.100003004074  0  0
12  20  0.12008690834  0  0
12  20  0.0875298976898  0  0
12  20  0.0764479637146  0  0
12  20  0.0754690170288  0  0
12  20  0.0715658664703  0  0
12  20  0.0556080341339  0  0
12  20  0.0486121177673  0  0
12  20  0.0908498764038  0  0
12  20  0.0639910697937  0  0
12  20  0.171403884888  2  1
12  20  0.0919330120087  0  0
12  20  0.0991418361664  0  0
12  20  0.0936648845673  0  0
12  20  0.134452104568  0  0
12  20  0.0870599746704  0  0
12  20  0.0809979438782  0  0
12  20  0.160940170288  1  0
12  20  0.0783500671387  0  0
12  20  0.0765278339386  0  0
12  20  0.0366041660309  0  0
12  20  0.108381986618  0  0
12  20  0.0958290100098  0  0
12  20  0.0713531970978  0  0
12  20  0.104382991791  0  0
12  20  0.100823879242  0  0
12  20  0.0866079330444  0  0
12  20  0.0852720737457  0  0
12  20  0.0805990695953  0  0
12  20  0.0863430500031  0  0
12  21  0.0995991230011  0  0
12  21  0.0514748096466  0  0
12  21  0.0677659511566  0  0
12  21  0.0998802185059  0  0
12  21  0.0977039337158  0  0
12  21  0.093544960022  0  0
12  21  0.106564998627  0  0
12  21  0.044193983078  0  0
12  21  0.0359280109406  0  0
12  21  0.093631029129  0  0
12  21  0.0947589874268  0  0
12  21  0.0843739509583  0  0
12  21  0.0572869777679  0  0
12  21  0.0823600292206  0  0
12  21  0.0948808193207  0  0
12  21  0.115237951279  0  0
12  21  0.0568890571594  0  0
12  21  0.0915620326996  0  0
12  21  0.0798261165619  0  0
12  21  0.0987350940704  0  0
12  21  0.0932080745697  0  0
12  21  0.0519721508026  0  0
12  21  0.0818829536438  0  0
12  21  0.102210044861  0  0
12  21  0.0820581912994  1  0
12  21  0.0485038757324  0  0
12  21  0.0676779747009  0  0
12  21  0.077831029892  0  0
12  21  0.0813450813293  0  0
12  21  0.0678470134735  0  0
12  22  0.0606291294098  0  0
12  22  0.084450006485  0  0
12  22  0.04678606987  0  0
12  22  0.0432150363922  0  0
12  22  0.0738849639893  0  0
12  22  0.0779089927673  0  0
12  22  0.0546851158142  0  0
12  22  0.0732610225677  0  0
12  22  0.0700690746307  0  0
12  22  0.0562570095062  0  0
12  22  0.0713639259338  0  0
12  22  0.0672988891602  0  0
12  22  0.0479850769043  0  0
12  22  0.0732328891754  1  0
12  22  0.031662940979  0  0
12  22  0.0552628040314  0  0
12  22  0.0630021095276  0  0
12  22  0.0926079750061  0  0
12  22  0.057541847229  0  0
12  22  0.0520839691162  0  0
12  22  0.0871260166168  0  0
12  22  0.0997350215912  0  0
12  22  0.124068975449  0  0
12  22  0.0872120857239  0  0
12  22  0.0896079540253  0  0
12  22  0.0401248931885  0  0
12  22  0.0598831176758  0  0
12  22  0.0674111843109  0  0
12  22  0.0391590595245  0  0
12  22  0.0473389625549  0  0
12  23  0.0390999317169  0  0
12  23  0.058434009552  0  0
12  23  0.0884439945221  0  0
12  23  0.0967960357666  0  0
12  23  0.0952980518341  0  0
12  23  0.0910518169403  0  0
12  23  0.111757993698  0  0
12  23  0.221369028091  2  1
12  23  0.0614778995514  0  0
12  23  0.0646231174469  0  0
12  23  0.0583448410034  0  0
12  23  0.0802841186523  0  0
12  23  0.100673913956  0  0
12  23  0.0725519657135  0  0
12  23  0.11083984375  0  0
12  23  0.107119083405  0  0
12  23  0.10707616806  1  0
12  23  0.0484170913696  0  0
12  23  0.107729911804  0  0
12  23  0.0881488323212  0  0
12  23  0.0698540210724  0  0
12  23  0.0845282077789  0  0
12  23  0.0878870487213  0  0
12  23  0.0899300575256  0  0
12  23  0.0979340076447  0  0
12  23  0.137474775314  0  0
12  23  0.0953638553619  0  0
12  23  0.0872490406036  0  0
12  23  0.0652029514313  0  0
12  23  0.0368449687958  0  0
12  24  0.0262999534607  0  0
12  24  0.124840974808  1  0
12  24  0.115268945694  0  0
12  24  0.163290023804  1  0
12  24  0.114500045776  0  0
12  24  0.0909020900726  0  0
12  24  0.0466620922089  0  0
12  24  0.0586349964142  0  0
12  24  0.0537841320038  0  0
12  24  0.0474979877472  0  0
12  24  0.0926151275635  0  0
12  24  0.0468871593475  0  0
12  24  0.0474190711975  0  0
12  24  0.108695030212  0  0
12  24  0.0547790527344  0  0
12  24  0.096568107605  0  0
12  24  0.117016077042  0  0
12  24  0.103748083115  0  0
12  24  0.0648219585419  0  0
12  24  0.0882060527802  0  0
12  24  0.0787401199341  0  0
12  24  0.11163187027  0  0
12  24  0.0808022022247  0  0
12  24  0.085431098938  0  0
12  24  0.0836749076843  0  0
12  24  0.0845429897308  0  0
12  24  0.108077049255  0  0
12  24  0.0823640823364  0  0
12  24  0.221853017807  1  0
12  24  0.137931108475  0  0
12  25  0.0832488536835  0  0
12  25  0.088173866272  0  0
12  25  0.134128808975  1  0
12  25  0.181532144547  1  0
12  25  0.0940811634064  0  0
12  25  0.0779349803925  0  0
12  25  0.0584919452667  0  0
12  25  0.103121995926  0  0
12  25  0.0747900009155  0  0
12  25  0.0703549385071  0  0
12  25  0.113422870636  0  0
12  25  0.102577924728  0  0
12  25  0.0951750278473  0  0
12  25  0.0759041309357  0  0
12  25  0.082781791687  0  0
12  25  0.0779950618744  0  0
12  25  0.0949671268463  0  0
12  25  0.0880742073059  0  0
12  25  0.129921913147  0  0
12  25  0.103952884674  0  0
12  25  0.143711090088  1  0
12  25  0.0573749542236  0  0
12  25  0.0515418052673  0  0
12  25  0.0424270629883  0  0
12  25  0.0505599975586  0  0
12  25  0.0885610580444  0  0
12  25  0.0450139045715  0  0
12  25  0.0819082260132  0  0
12  25  0.0723030567169  0  0
12  25  0.0495450496674  0  0
12  26  0.0289359092712  0  0
12  26  0.0702409744263  0  0
12  26  0.0484011173248  0  0
12  26  0.0765209197998  0  0
12  26  0.120404958725  0  0
12  26  0.0913870334625  0  0
12  26  0.0864729881287  0  0
12  26  0.0933890342712  0  0
12  26  0.0836360454559  0  0
12  26  0.0964479446411  0  0
12  26  0.0773799419403  0  0
12  26  0.093071937561  0  0
12  26  0.105349063873  0  0
12  26  0.0734632015228  0  0
12  26  0.125641107559  0  0
12  26  0.167222976685  1  0
12  26  0.104317903519  0  0
12  26  0.100569963455  0  0
12  26  0.0942540168762  0  0
12  26  0.0883760452271  0  0
12  26  0.0956637859344  0  0
12  26  0.0626721382141  0  0
12  26  0.112841844559  0  0
12  26  0.133565187454  0  0
12  26  0.0787751674652  0  0
12  26  0.0964739322662  0  0
12  26  0.164871931076  0  0
12  26  0.0931990146637  0  0
12  26  0.113265991211  0  0
12  26  0.112239837646  0  0
12  27  0.121632099152  0  0
12  27  0.0908060073853  0  0
12  27  0.0940330028534  0  0
12  27  0.103250026703  0  0
12  27  0.0695388317108  0  0
12  27  0.0704798698425  0  0
12  27  0.0537889003754  0  0
12  27  0.0854911804199  0  0
12  27  0.15164899826  0  0
12  27  0.219473838806  1  0
12  27  0.111438989639  0  0
12  27  0.0970139503479  0  0
12  27  0.0846979618073  0  0
12  27  0.0944449901581  0  0
12  27  0.0670328140259  0  0
12  27  0.0690870285034  0  0
12  27  0.0418269634247  0  0
12  27  0.0513019561768  0  0
12  27  0.0798721313477  1  0
12  27  0.0250289440155  0  0
12  27  0.0273051261902  0  0
12  27  0.0281360149384  0  0
12  27  0.0282378196716  0  0
12  27  0.170896053314  0  0
12  27  0.167074203491  0  0
12  27  0.186835050583  0  0
12  27  0.147787809372  0  0
12  27  0.171070098877  0  0
12  27  0.0525410175323  0  0
12  27  0.0740759372711  0  0
12  28  0.0571219921112  0  0
12  28  0.118848085403  0  0
12  28  0.0741729736328  0  0
12  28  0.0735051631927  0  0
12  28  0.0646290779114  0  0
12  28  0.0639719963074  0  0
12  28  0.0673670768738  0  0
12  28  0.22481584549  3  1
12  28  0.162197828293  0  0
12  28  0.161815881729  0  0
12  28  0.0760068893433  0  0
12  28  0.0756540298462  0  0
12  28  0.0814189910889  0  0
12  28  0.113237142563  0  0
12  28  0.0653200149536  0  0
12  28  0.063364982605  0  0
12  28  0.0890049934387  0  0
12  28  0.132829189301  1  0
12  28  0.106522083282  0  0
12  28  0.150886058807  0  0
12  28  0.0984408855438  0  0
12  28  0.0889480113983  0  0
12  28  0.102267980576  0  0
12  28  0.0796151161194  0  0
12  28  0.0987429618835  0  0
12  28  0.0968370437622  0  0
12  28  0.0841839313507  0  0
12  28  0.0895400047302  0  0
12  28  0.11443901062  0  0
12  28  0.0969979763031  0  0
12  29  0.0782930850983  0  0
12  29  0.0876369476318  0  0
12  29  0.0989649295807  0  0
12  29  0.10270190239  0  0
12  29  0.0824010372162  0  0
12  29  0.0899140834808  0  0
12  29  0.111093997955  0  0
12  29  0.0825481414795  0  0
12  29  0.0605528354645  0  0
12  29  0.183704137802  0  0
12  29  0.065819978714  0  0
12  29  0.161339998245  1  0
12  29  0.0724248886108  0  0
12  29  0.116663217545  0  0
12  29  0.104465007782  0  0
12  29  0.0796520709991  0  0
12  29  0.0696029663086  0  0
12  29  0.0716669559479  0  0
12  29  0.0528869628906  0  0
12  29  0.0711588859558  0  0
12  29  0.0948269367218  0  0
12  29  0.189633131027  0  0
12  29  0.177841186523  1  0
12  29  0.11825299263  0  0
12  29  0.0942668914795  0  0
12  29  0.115041971207  0  0
12  29  0.11434006691  0  0
12  29  0.134924173355  0  0
12  29  0.0869448184967  0  0
12  29  0.105033874512  0  0
12  30  0.121340990067  0  0
12  30  0.159578084946  0  0
12  30  0.0680639743805  0  0
12  30  0.196025848389  4  2
12  30  0.13051199913  2  1
12  30  0.0397880077362  0  0
12  30  0.0592200756073  0  0
12  30  0.0957758426666  1  0
12  30  0.107445955276  0  0
12  30  0.112589120865  0  0
12  30  0.104390144348  0  0
12  30  0.11151599884  0  0
12  30  0.118495941162  0  0
12  30  0.144917964935  0  0
12  30  0.0660309791565  0  0
12  30  0.041689157486  0  0
12  30  0.045667886734  0  0
12  30  0.0460870265961  0  0
12  30  0.13258099556  0  0
12  30  0.121434211731  0  0
12  30  0.147904872894  0  0
12  30  0.100419998169  0  0
12  30  0.0325920581818  0  0
12  30  0.111812114716  0  0
12  30  0.129296064377  0  0
12  30  0.108760118484  0  0
12  30  0.0739169120789  0  0
12  30  0.153018951416  0  0
12  30  0.141490936279  0  0
12  30  0.136595010757  0  0
12  31  0.220248937607  1  0
12  31  0.111666917801  0  0
12  31  0.131239175797  0  0
12  31  0.256758928299  1  0
12  31  0.187237977982  1  0
12  31  0.0615949630737  0  0
12  31  0.123498916626  0  0
12  31  0.0878159999847  0  0
12  31  0.0870978832245  0  0
12  31  0.153254032135  2  1
12  31  0.0631058216095  0  0
12  31  0.0983459949493  0  0
12  31  0.331186056137  2  1
12  31  0.083752155304  0  0
12  31  0.0777928829193  0  0
12  31  0.0496850013733  0  0
12  31  0.0763840675354  0  0
12  31  0.0785200595856  0  0
12  31  0.0647161006927  0  0
12  31  0.0564880371094  0  0
12  31  0.0538051128387  0  0
12  31  0.0693740844727  0  0
12  31  0.355683088303  3  1
12  31  0.0773251056671  0  0
12  31  0.112587928772  0  0
12  31  0.0474081039429  0  0
12  31  0.0787959098816  0  0
12  31  0.0654079914093  0  0
12  31  0.0748450756073  0  0
12  31  0.0578608512878  0  0
12  32  0.0858221054077  0  0
12  32  0.0904150009155  0  0
12  32  0.0727078914642  0  0
12  32  0.112623929977  0  0
12  32  0.0677847862244  0  0
12  32  0.0750079154968  0  0
12  32  0.114268064499  0  0
12  32  0.0513620376587  0  0
12  32  0.404561042786  5  2
12  32  0.0535669326782  0  0
12  32  0.0915358066559  0  0
12  32  0.14267206192  0  0
12  32  0.071594953537  0  0
12  32  0.09042096138  0  0
12  32  0.0664491653442  0  0
12  32  0.0751090049744  0  0
12  32  0.133447885513  1  0
12  32  0.0993959903717  0  0
12  32  0.213220119476  1  0
12  32  0.094395160675  0  0
12  32  0.102287054062  1  0
12  32  0.0377140045166  0  0
12  32  0.0461781024933  0  0
12  32  0.113707065582  2  1
12  32  0.035670042038  0  0
12  32  0.0352091789246  0  0
12  32  0.0361618995667  0  0
12  32  0.0416171550751  0  0
12  32  0.0380210876465  0  0
12  32  0.0313131809235  0  0
12  33  0.116503000259  3  1
12  33  0.0391879081726  0  0
12  33  0.0374360084534  0  0
12  33  0.0851790904999  0  0
12  33  0.0883359909058  1  0
12  33  0.0321321487427  0  0
12  33  0.0440888404846  0  0
12  33  0.0754158496857  0  0
12  33  0.0653820037842  0  0
12  33  0.0602519512177  0  0
12  33  0.0335109233856  0  0
12  33  0.073380947113  1  0
12  33  0.0569648742676  0  0
12  33  0.0335731506348  0  0
12  33  0.0567588806152  0  0
12  33  0.0912489891052  1  0
12  33  0.0396010875702  0  0
12  33  0.048614025116  0  0
12  33  0.0362040996552  0  0
12  33  0.0385541915894  0  0
12  33  0.0934209823608  0  0
12  33  0.0452139377594  0  0
12  33  0.0533008575439  0  0
12  33  0.0977518558502  1  0
12  33  0.0472700595856  0  0
12  33  0.179771900177  0  0
12  33  0.19761800766  2  0
12  33  0.0651519298553  0  0
12  33  0.0556778907776  0  0
12  33  0.0928568840027  0  0
12  34  0.109112977982  0  0
12  34  0.113804101944  2  0
12  34  0.05744099617  1  0
12  34  0.0243389606476  0  0
12  34  0.057559967041  0  0
12  34  0.049576997757  0  0
12  34  0.151071071625  0  0
12  34  0.093465089798  0  0
12  34  0.146490097046  0  0
12  34  0.0826730728149  0  0
12  34  0.153226852417  1  0
12  34  0.224340200424  2  1
12  34  0.089595079422  0  0
12  34  0.0716469287872  0  0
12  34  0.17445397377  0  0
12  34  0.052768945694  0  0
12  34  0.0693809986115  0  0
12  34  0.132194042206  1  0
12  34  0.0708091259003  0  0
12  34  0.0765800476074  0  0
12  34  0.069244146347  0  0
12  34  0.0679960250854  0  0
12  34  0.0571291446686  0  0
12  34  0.112598896027  0  0
12  34  0.0685429573059  0  0
12  34  0.224421977997  1  0
12  34  0.104910135269  0  0
12  34  0.0707430839539  0  0
12  34  0.0577390193939  0  0
12  34  0.0845589637756  0  0
12  35  0.082554101944  0  0
12  35  0.151093006134  1  0
12  35  0.18030500412  2  1
12  35  0.10885310173  0  0
12  35  0.16569685936  0  0
12  35  0.104177951813  1  0
12  35  0.0636301040649  0  0
12  35  0.0646831989288  0  0
12  35  0.0936460494995  0  0
12  35  0.100349903107  0  0
12  35  0.0689799785614  0  0
12  35  0.0816581249237  0  0
12  35  0.195250988007  2  1
12  35  0.058935880661  0  0
12  35  0.162807941437  0  0
12  35  0.0515401363373  0  0
12  35  0.0799770355225  0  0
12  35  0.1009349823  0  0
12  35  0.0714881420135  0  0
12  35  0.061094045639  0  0
12  35  0.090185880661  1  0
12  35  0.0643072128296  0  0
12  35  0.0740151405334  0  0
12  35  0.0472478866577  0  0
12  35  0.113594055176  0  0
12  35  0.152588129044  0  0
12  35  0.0982129573822  0  0
12  35  0.0552520751953  0  0
12  35  0.0913081169128  0  0
12  35  0.0598220825195  0  0
12  36  0.0698699951172  0  0
12  36  0.078891992569  0  0
12  36  0.114034891129  1  0
12  36  0.0819389820099  0  0
12  36  0.0651800632477  0  0
12  36  0.0555260181427  0  0
12  36  0.0715179443359  0  0
12  36  0.142025947571  0  0
12  36  0.0724079608917  0  0
12  36  0.0643610954285  0  0
12  36  0.133318901062  1  0
12  36  0.124835014343  0  0
12  36  0.101209878922  0  0
12  36  0.0786211490631  0  0
12  36  0.479607105255  6  3
12  36  0.119472026825  0  0
12  36  0.0636909008026  0  0
12  36  0.0780961513519  0  0
12  36  0.140663862228  0  0
12  36  0.0460469722748  0  0
12  36  0.0812380313873  0  0
12  36  0.0725378990173  0  0
12  36  0.0797319412231  0  0
12  36  0.190678834915  1  0
12  36  0.0423312187195  0  0
12  36  0.0670239925385  0  0
12  36  0.0748069286346  0  0
12  36  0.0625808238983  0  0
12  36  0.0955510139465  0  0
12  36  0.0809099674225  0  0
12  37  0.109245061874  0  0
12  37  0.107340097427  0  0
12  37  0.403654098511  5  2
12  37  0.0636720657349  0  0
12  37  0.368641138077  2  1
12  37  0.13894200325  0  0
12  37  0.0854148864746  0  0
12  37  0.0618290901184  0  0
12  37  0.130671024323  0  0
12  37  0.198714017868  0  0
12  37  0.166713953018  0  0
12  37  0.0767941474915  0  0
12  37  0.0536189079285  0  0
12  37  0.10392999649  0  0
12  37  0.0551199913025  0  0
12  37  0.0878121852875  0  0
12  37  0.156955003738  1  0
12  37  0.190628051758  1  0
12  37  0.108603954315  0  0
12  37  0.108314990997  0  0
12  37  0.066113948822  0  0
12  37  0.0886068344116  0  0
12  37  0.0571031570435  0  0
12  37  0.118574857712  0  0
12  37  0.125561952591  1  0
12  37  0.0821089744568  0  0
12  37  0.3496530056  4  1
12  37  0.0930078029633  0  0
12  37  0.0859541893005  0  0
12  37  0.0870938301086  0  0
12  38  0.0788450241089  0  0
12  38  0.0697908401489  0  0
12  38  0.109707832336  0  0
12  38  0.250504016876  2  0
12  38  0.135960102081  0  0
12  38  0.118615150452  0  0
12  38  0.0705690383911  0  0
12  38  0.0734009742737  0  0
12  38  0.131122112274  0  0
12  38  0.240549087524  2  0
12  38  0.0715379714966  0  0
12  38  0.216188907623  1  0
12  38  0.135277986526  1  0
12  38  0.0812110900879  0  0
12  38  0.103335142136  0  0
12  38  0.0930919647217  0  0
12  38  0.20441198349  1  0
12  38  0.14409995079  0  0
12  38  0.103443145752  0  0
12  38  0.102470874786  0  0
12  38  0.146180868149  0  0
12  38  0.0450129508972  0  0
12  38  0.0664370059967  0  0
12  38  0.490651845932  5  1
12  38  0.1385409832  0  0
12  38  0.141098976135  0  0
12  38  0.154538869858  1  0
12  38  0.0837428569794  0  0
12  38  0.20427107811  1  0
12  38  0.097177028656  0  0
12  39  0.164608001709  1  0
12  39  0.0877690315247  0  0
12  39  0.293200969696  1  0
12  39  0.106600999832  0  0
12  39  0.132717132568  0  0
12  39  0.171095132828  1  0
12  39  0.0984721183777  0  0
12  39  0.0703737735748  0  0
12  39  0.101142883301  0  0
12  39  0.386791944504  4  1
12  39  0.0980799198151  0  0
12  39  0.0907640457153  0  0
12  39  0.107187986374  1  0
12  39  0.216476202011  0  0
12  39  0.0933270454407  0  0
12  39  0.0510330200195  0  0
12  39  0.209623098373  4  1
12  39  0.240966081619  2  0
12  39  0.111266136169  0  0
12  39  0.106945991516  1  0
12  39  0.0601959228516  0  0
12  39  0.0615231990814  0  0
12  39  0.12300992012  1  0
12  39  0.0480217933655  0  0
12  39  0.0726230144501  0  0
12  39  0.273123979568  2  1
12  39  0.22670507431  2  1
12  39  0.159491062164  1  0
12  39  0.0497550964355  0  0
12  39  0.0511448383331  0  0
12  40  0.096864938736  1  0
12  40  0.0447111129761  0  0
12  40  0.0395939350128  0  0
12  40  0.147202014923  1  0
12  40  0.0721440315247  0  0
12  40  0.319565057755  6  2
12  40  0.102550983429  0  0
12  40  0.13271689415  0  0
12  40  0.141857147217  0  0
12  40  0.263778924942  0  0
12  40  0.0907759666443  0  0
12  40  0.140017032623  0  0
12  40  0.138010978699  0  0
12  40  0.180801868439  1  0
12  40  0.19336104393  1  0
12  40  0.143150091171  0  0
12  40  0.0835690498352  0  0
12  40  0.0436689853668  0  0
12  40  0.0495970249176  0  0
12  40  0.0733280181885  0  0
12  40  0.149931907654  2  1
12  40  0.172348976135  1  0
12  40  0.173582077026  1  0
12  40  0.0858390331268  0  0
12  40  0.126585006714  1  0
12  40  0.0852990150452  0  0
12  40  0.0785980224609  0  0
12  40  0.145426988602  0  0
12  40  0.0762569904327  0  0
12  40  0.135788917542  0  0
12  41  0.167859792709  1  0
12  41  0.117534160614  0  0
12  41  0.064826965332  0  0
12  41  0.109452009201  0  0
12  41  0.0503468513489  0  0
12  41  0.0703639984131  0  0
12  41  0.166973829269  1  0
12  41  0.214692115784  2  1
12  41  0.115354061127  0  0
12  41  0.249907970428  2  1
12  41  0.13156414032  1  0
12  41  0.139012098312  1  0
12  41  0.120939970016  0  0
12  41  0.120260000229  0  0
12  41  0.668157100677  8  4
12  41  0.114078998566  0  0
12  41  0.0759439468384  0  0
12  41  0.689051866531  7  3
12  41  0.188286066055  0  0
12  41  0.130569934845  0  0
12  41  0.0647001266479  0  0
12  41  0.0382461547852  0  0
12  41  0.0698328018188  1  0
12  41  0.136136054993  0  0
12  41  0.0745680332184  0  0
12  41  0.144486188889  0  0
12  41  0.219348907471  1  0
12  41  0.0831089019775  0  0
12  41  0.102787971497  0  0
12  41  0.0521459579468  0  0
12  42  0.0504198074341  0  0
12  42  0.126625061035  1  0
12  42  0.136605978012  0  0
12  42  0.0503749847412  0  0
12  42  0.0247390270233  0  0
12  42  0.0775740146637  1  0
12  42  0.109660863876  0  0
12  42  0.109095096588  2  1
12  42  0.0578479766846  0  0
12  42  0.187783002853  0  0
12  42  0.0745117664337  0  0
12  42  0.11520409584  0  0
12  42  0.152259111404  1  0
12  42  0.0783221721649  0  0
12  42  0.250451087952  2  0
12  42  0.117264986038  0  0
12  42  0.174324989319  1  0
12  42  0.251132011414  2  0
12  42  0.042475938797  0  0
12  42  0.0938920974731  0  0
12  42  0.0680510997772  0  0
12  42  0.108649969101  0  0
12  42  0.0815560817719  0  0
12  42  0.0502080917358  0  0
12  42  0.125706911087  1  0
12  42  0.17023897171  1  0
12  42  0.0573468208313  0  0
12  42  0.124305963516  1  0
12  42  0.0669088363647  0  0
12  42  0.131053924561  0  0
12  43  0.16370010376  2  1
12  43  0.170494794846  0  0
12  43  0.157069921494  0  0
12  43  0.120357036591  1  0
12  43  0.131931066513  3  0
12  43  0.239146947861  0  0
12  43  0.191767930984  0  0
12  43  0.128247976303  0  0
12  43  0.249058008194  4  1
12  43  0.0876498222351  0  0
12  43  0.110389947891  1  0
12  43  0.0804469585419  2  1
12  43  0.0538811683655  0  0
12  43  0.102174043655  0  0
12  43  0.198974847794  1  0
12  43  0.0830748081207  0  0
12  43  0.132610082626  1  0
12  43  0.122611999512  2  1
12  43  0.0420241355896  0  0
12  43  0.233467102051  4  1
12  43  0.0692000389099  0  0
12  43  0.0549709796906  0  0
12  43  0.180636882782  4  2
12  43  0.301726818085  1  0
12  43  0.104228973389  0  0
12  43  0.299659013748  1  0
12  43  0.449882030487  3  0
12  43  0.115485191345  0  0
12  43  0.117417097092  2  1
12  43  0.0385448932648  0  0
12  44  0.155957937241  1  0
12  44  0.266855955124  12  5
12  44  0.46513915062  5  2
12  44  0.304739952087  1  0
12  44  0.126953125  0  0
12  44  0.184118032455  1  0
12  44  0.704252958298  8  4
12  44  0.704444169998  8  4
12  44  0.169018983841  2  0
12  44  0.062940120697  0  0
12  44  0.177794933319  2  1
12  44  0.210500955582  0  0
12  44  0.156494140625  0  0
12  44  0.0894649028778  0  0
12  44  0.0720641613007  0  0
12  44  0.182404994965  4  2
12  44  0.0801570415497  0  0
12  44  0.235491037369  1  0
12  44  0.147722005844  0  0
12  44  0.281162977219  2  1
12  44  0.0815308094025  0  0
12  44  0.15607213974  0  0
12  44  0.286007165909  1  0
12  44  0.48452091217  4  2
12  44  0.143080949783  0  0
12  44  0.149853944778  0  0
12  44  0.232945919037  2  1
12  44  0.115110874176  0  0
12  44  0.123056173325  0  0
12  44  0.0952398777008  0  0
12  45  0.334718942642  3  1
12  45  0.131326913834  0  0
12  45  0.144279003143  0  0
12  45  0.250872850418  1  0
12  45  0.100100040436  0  0
12  45  0.131505966187  0  0
12  45  0.288808107376  1  0
12  45  0.146730184555  0  0
12  45  0.0852420330048  0  0
12  45  0.245643138885  1  0
12  45  0.336370944977  2  0
12  45  0.0864272117615  0  0
12  45  0.270533800125  1  0
12  45  0.0970418453217  0  0
12  45  0.301323890686  1  0
12  45  0.381164073944  4  2
12  45  0.0881049633026  0  0
12  45  0.125185966492  0  0
12  45  0.10634303093  0  0
12  45  0.0949699878693  0  0
12  45  0.150465011597  0  0
12  45  0.174778938293  3  0
12  45  0.305637121201  8  2
12  45  0.0804390907288  0  0
12  45  0.0722758769989  0  0
12  45  0.102394104004  0  0
12  45  0.0717868804932  0  0
12  45  0.184890985489  1  0
12  45  0.247375965118  1  0
12  45  0.213078022003  3  1
12  46  0.0298409461975  0  0
12  46  0.127053976059  1  0
12  46  0.0320980548859  0  0
12  46  0.0256989002228  0  0
12  46  0.0791709423065  0  0
12  46  0.0562331676483  0  0
12  46  0.183330059052  1  0
12  46  0.199841022491  1  0
12  46  0.054055929184  0  0
12  46  0.1812479496  2  0
12  46  0.118744850159  0  0
12  46  0.178014993668  0  0
12  46  0.354645013809  2  0
12  46  0.503296852112  4  1
12  46  0.0738050937653  0  0
12  46  0.0785980224609  0  0
12  46  0.185961961746  1  0
12  46  0.197535037994  0  0
12  46  0.129568099976  0  0
12  46  0.166652202606  0  0
12  46  0.324901103973  3  1
12  46  0.331630945206  2  0
12  46  0.128974914551  0  0
12  46  0.262655973434  0  0
12  46  0.587966918945  5  1
12  46  0.116192102432  0  0
12  46  0.319133043289  2  1
12  46  0.338031053543  2  0
12  46  0.255701065063  0  0
12  46  0.581741094589  6  1
12  47  0.19678401947  2  0
12  47  0.109580039978  0  0
12  47  0.302340984344  2  1
12  47  0.127699136734  0  0
12  47  0.237312793732  1  0
12  47  0.367943048477  3  0
12  47  0.395409822464  3  1
12  47  0.146893024445  1  0
12  47  0.371962070465  4  2
12  47  0.308377027512  2  1
12  47  0.100897073746  0  0
12  47  0.18932890892  3  1
12  47  0.106953859329  0  0
12  47  0.502228021622  2  1
12  47  0.163010835648  0  0
12  47  0.123830080032  0  0
12  47  0.585959911346  5  1
12  47  0.166564941406  3  1
12  47  0.178160905838  0  0
12  47  0.151208877563  0  0
12  47  0.119594097137  0  0
12  47  0.250324010849  1  0
12  47  0.0448889732361  0  0
12  47  0.135515928268  0  0
12  47  0.198226928711  3  1
12  47  0.158846139908  0  0
12  47  0.138715982437  1  0
12  47  0.101671934128  0  0
12  47  0.169043064117  0  0
12  47  0.191967010498  0  0
12  48  0.172426939011  1  0
12  48  0.0941808223724  2  1
12  48  0.139362096786  3  0
12  48  0.161854982376  2  0
12  48  0.368288040161  6  3
12  48  0.0742239952087  1  0
12  48  0.295731067657  3  0
12  48  0.159282922745  0  0
12  48  0.120856046677  1  0
12  48  0.152482032776  6  1
12  48  0.289623975754  3  1
12  48  0.0727431774139  0  0
12  48  0.0925409793854  1  0
12  48  0.0483648777008  0  0
12  48  0.165917158127  0  0
12  48  0.269394874573  1  0
12  48  0.242172002792  2  0
12  48  0.150890111923  0  0
12  48  0.273714065552  1  0
12  48  0.154065132141  0  0
12  48  0.0529279708862  0  0
12  48  0.233149051666  1  0
12  48  0.610876083374  8  1
12  48  0.0636739730835  0  0
12  48  0.149581193924  3  1
12  48  0.0542709827423  0  0
12  48  0.220457077026  1  0
12  48  0.20948600769  1  0
12  48  0.221024990082  3  0
12  48  0.37676692009  3  1
12  49  0.113748073578  0  0
12  49  0.114835977554  0  0
12  49  0.130489826202  0  0
12  49  0.13053894043  0  0
12  49  0.357090950012  5  2
12  49  0.30656003952  2  0
12  49  0.259195804596  0  0
12  49  0.275548934937  0  0
12  49  0.302047014236  6  2
12  49  0.274112939835  1  0
12  49  0.142116069794  0  0
12  49  0.186632871628  0  0
12  49  0.380056858063  2  0
12  49  0.3013920784  2  0
12  49  0.121954917908  0  0
12  49  0.166781902313  1  0
12  49  0.102947950363  0  0
12  49  0.302387952805  1  0
12  49  0.133544921875  0  0
12  49  0.213207960129  0  0
12  49  0.404288053513  2  1
12  49  0.12945318222  0  0
12  49  0.307422876358  2  0
12  49  0.582029104233  4  1
12  49  0.33780002594  1  0
12  49  0.269173145294  0  0
12  49  0.707558870316  5  2
12  49  0.122077941895  0  0
12  49  0.348847150803  3  1
12  49  0.189208984375  1  0
12  50  0.146940946579  0  0
12  50  0.132459878922  2  1
12  50  0.0316390991211  0  0
12  50  0.322361946106  5  2
12  50  0.165158033371  4  1
12  50  0.0928502082825  0  0
12  50  0.382464885712  8  3
12  50  0.0853209495544  0  0
12  50  0.206840991974  0  0
12  50  0.0749278068542  0  0
12  50  0.221611022949  0  0
12  50  0.433051109314  5  2
12  50  0.0628340244293  0  0
12  50  0.399061203003  8  3
12  50  0.101839065552  1  0
12  50  0.0712909698486  0  0
12  50  0.232195854187  1  0
12  50  0.192102909088  1  0
12  50  0.166580915451  2  1
12  50  0.0702791213989  0  0
12  50  0.487491130829  8  3
12  50  0.133598804474  0  0
12  50  0.0968728065491  0  0
12  50  0.192008018494  0  0
12  50  0.466245889664  5  1
12  50  0.176027059555  0  0
12  50  0.187608003616  0  0
12  50  0.157670974731  2  1
12  50  0.112180948257  0  0
12  50  0.117115020752  3  0
12  51  0.14425611496  1  0
12  51  0.0784242153168  0  0
12  51  0.175776004791  1  0
12  51  0.208447933197  2  0
12  51  0.234450817108  1  0
12  51  0.267645835876  1  0
12  51  0.147227048874  2  1
12  51  0.224092006683  4  2
12  51  0.284878969193  2  1
12  51  0.117110013962  1  0
12  51  0.104605913162  0  0
12  51  0.282780170441  6  2
12  51  0.357759952545  2  0
12  51  0.123578071594  0  0
12  51  0.342614173889  5  2
12  51  0.17705488205  0  0
12  51  0.414742946625  4  1
12  51  0.348950862885  4  1
12  51  0.146376848221  1  0
12  51  0.14450097084  0  0
12  51  0.0616788864136  0  0
12  51  0.408545017242  4  1
12  51  0.236605882645  1  0
12  51  0.250813007355  1  0
12  51  0.622567176819  11  4
12  51  0.110617876053  0  0
12  51  0.164680957794  2  1
12  51  0.0372049808502  0  0
12  51  0.163307905197  0  0
12  51  0.160387039185  1  0
12  52  0.0859291553497  0  0
12  52  0.112426042557  0  0
12  52  0.313277006149  0  0
12  52  0.62660908699  6  3
12  52  0.308830022812  0  0
12  52  0.195225954056  0  0
12  52  0.239635944366  1  0
12  52  0.107576131821  1  0
12  52  0.276735067368  2  0
12  52  0.0863621234894  0  0
12  52  0.0661969184875  0  0
12  52  0.0739958286285  0  0
12  52  0.240488052368  7  2
12  52  0.338544845581  0  0
12  52  0.851684093475  10  4
12  52  0.741062164307  7  2
12  52  0.305213928223  2  0
12  52  0.153812170029  0  0
12  52  0.414760828018  3  1
12  52  0.164999961853  0  0
12  52  0.263206005096  0  0
12  52  0.286200046539  1  0
12  52  0.15339589119  0  0
12  52  0.32926607132  1  0
12  52  0.801237106323  9  3
12  52  0.0932359695435  0  0
12  52  0.210137844086  1  0
12  52  0.106204986572  0  0
12  52  0.176185131073  0  0
12  52  0.743141889572  6  3
12  53  0.201869010925  2  1
12  53  0.233935117722  2  0
12  53  0.131552934647  2  1
12  53  0.24183011055  3  1
12  53  0.853399991989  21  10
12  53  0.0651581287384  1  0
12  53  0.44838309288  3  1
12  53  0.336487054825  2  0
12  53  0.360888004303  4  2
12  53  0.722616910934  7  2
12  53  0.212686061859  1  0
12  53  0.146744966507  0  0
12  53  0.155826091766  1  0
12  53  0.164509057999  0  0
12  53  0.386140823364  2  0
12  53  0.0554010868073  0  0
12  53  0.225416898727  1  0
12  53  0.176171064377  1  0
12  53  0.150511026382  1  0
12  53  0.154454946518  2  0
12  53  0.784883022308  11  5
12  53  0.316425085068  3  1
12  53  0.100314855576  0  0
12  53  0.0659301280975  1  0
12  53  0.161920070648  2  1
12  53  0.436956167221  7  2
12  53  0.0704500675201  0  0
12  53  0.0481531620026  0  0
12  53  0.109555959702  0  0
12  53  0.245332956314  6  3
12  54  0.0651519298553  0  0
12  54  0.213021039963  2  1
12  54  0.0956170558929  0  0
12  54  0.336669921875  5  2
12  54  0.598583936691  6  2
12  54  0.257575035095  2  1
12  54  0.193114995956  2  0
12  54  0.0589601993561  0  0
12  54  0.118657827377  0  0
12  54  0.0719430446625  0  0
12  54  0.116737127304  0  0
12  54  0.188241958618  1  0
12  54  0.538042068481  15  6
12  54  0.299740076065  6  3
12  54  0.0403559207916  0  0
12  54  0.0452980995178  0  0
12  54  0.160532951355  2  0
12  54  0.0644311904907  1  0
12  54  0.287312984467  1  0
12  54  0.11935210228  0  0
12  54  0.0667688846588  0  0
12  54  0.158524990082  3  0
12  54  0.155822992325  3  1
12  54  0.0643091201782  0  0
12  54  0.119948148727  1  0
12  54  1.34339308739  14  6
12  54  0.229650020599  4  1
12  54  0.103003025055  0  0
12  54  0.215454101562  3  0
12  54  0.204010009766  5  2
12  55  0.161504983902  0  0
12  55  0.0568041801453  0  0
12  55  0.477499008179  5  2
12  55  0.404114961624  7  3
12  55  0.648913145065  14  5
12  55  0.155308008194  1  0
12  55  0.100244998932  1  0
12  55  0.377023935318  8  2
12  55  0.150412082672  2  1
12  55  0.0603551864624  0  0
12  55  0.420009851456  9  4
12  55  0.265609025955  3  0
12  55  0.447525978088  9  4
12  55  0.923715114594  9  4
12  55  1.10229182243  15  7
12  55  0.131106138229  0  0
12  55  0.818061113358  12  4
12  55  0.222923994064  1  0
12  55  0.780339002609  9  4
12  55  0.23108291626  1  0
12  55  0.195110082626  0  0
12  55  0.194905042648  1  0
12  55  0.235076904297  1  0
12  55  1.09791898727  13  5
12  55  1.17627716064  13  5
12  55  2.38368201256  29  12
12  55  0.117550849915  0  0
12  55  0.185122966766  0  0
12  55  0.455899953842  3  0
12  55  1.45405602455  15  6
12  56  0.83770608902  9  3
12  56  0.413572788239  4  1
12  56  0.179652929306  1  0
12  56  0.618002891541  6  2
12  56  0.439889907837  4  2
12  56  0.251423120499  0  0
12  56  0.161390066147  0  0
12  56  0.11660695076  0  0
12  56  0.439585924149  8  3
12  56  0.419286966324  6  1
12  56  0.131406068802  1  0
12  56  0.171796798706  2  0
12  56  0.133866071701  0  0
12  56  0.109125137329  2  0
12  56  0.316353082657  7  3
12  56  0.347735881805  5  1
12  56  0.420899868011  10  3
12  56  0.183807849884  4  1
12  56  0.061742067337  1  0
12  56  0.244567871094  4  0
12  56  0.278527975082  1  0
12  56  0.119139909744  2  0
12  56  0.0933990478516  0  0
12  56  0.336409091949  9  2
12  56  0.115670919418  2  0
12  56  0.259899139404  4  2
12  56  0.376689910889  4  1
12  56  0.640189886093  6  2
12  56  0.586651086807  4  1
12  56  0.615926027298  4  1
12  57  0.347939014435  4  1
12  57  0.291242837906  2  1
12  57  0.0768330097198  0  0
12  57  0.185139894485  0  0
12  57  0.161422014236  1  0
12  57  0.201714992523  1  0
12  57  0.428981781006  2  0
12  57  0.370674133301  2  0
12  57  0.430249929428  3  1
12  57  0.558357000351  4  1
12  57  0.264784097672  0  0
12  57  0.374289989471  3  0
12  57  0.147462129593  0  0
12  57  0.418261051178  3  0
12  57  0.603010892868  10  4
12  57  0.115815877914  2  0
12  57  0.0601692199707  0  0
12  57  0.448261976242  3  1
12  57  0.24876499176  2  0
12  57  0.0397439002991  0  0
12  57  0.150838136673  5  1
12  57  0.16256403923  2  0
12  57  1.60879087448  18  8
12  57  1.50846004486  25  10
12  57  0.265184879303  8  3
12  57  0.395004987717  3  0
12  57  0.206940889359  5  2
12  57  0.383769989014  9  3
12  57  0.167361974716  3  0
12  57  0.16856098175  2  1
12  58  0.710201025009  13  5
12  58  0.349341154099  2  0
12  58  0.458156108856  10  2
12  58  0.284238100052  6  0
12  58  0.413395166397  9  4
12  58  0.125546216965  1  0
12  58  0.144409894943  3  1
12  58  0.383192062378  9  2
12  58  0.272285938263  4  1
12  58  0.159852981567  3  1
12  58  0.127676963806  2  1
12  58  0.123899936676  1  0
12  58  0.0778942108154  0  0
12  58  0.195438861847  1  0
12  58  0.0518159866333  0  0
12  58  0.156466960907  3  0
12  58  0.0999131202698  0  0
12  58  0.243354082108  6  1
12  58  0.390269994736  5  1
12  58  0.139014005661  1  0
12  58  0.452831029892  4  2
12  58  0.206923007965  2  0
12  58  0.237054824829  1  0
12  58  0.115212202072  0  0
12  58  0.184619188309  2  0
12  58  0.142915964127  2  1
12  58  0.0940461158752  1  0
12  58  0.111546039581  1  0
12  58  0.411885023117  5  2
12  58  0.0993220806122  0  0
12  59  0.6658680439  6  1
12  59  0.305599927902  1  0
12  59  0.259684085846  2  0
12  59  0.951207876205  8  3
12  59  0.322321176529  1  0
12  59  0.367702007294  2  0
12  59  0.679705142975  5  2
12  59  0.904546022415  10  1
12  59  0.900218009949  13  5
12  59  0.163946866989  4  1
12  59  0.914862155914  29  13
12  59  0.132923126221  3  1
12  59  0.0810358524323  0  0
12  59  0.756849050522  9  4
12  59  0.209917068481  3  1
12  59  0.166156053543  3  1
12  59  0.114917993546  1  0
12  59  0.15793800354  4  1
12  59  0.653024196625  8  3
12  59  0.128336906433  2  0
12  59  0.2971971035  7  2
12  59  0.0943121910095  1  0
12  59  0.249503850937  4  2
12  59  0.0995860099792  1  0
12  59  0.686446905136  8  3
12  59  0.294698953629  5  1
12  59  0.327293157578  11  4
12  59  0.453587055206  6  2
12  59  0.214255094528  3  0
12  59  0.144809007645  1  0
12  60  1.44345211983  24  10
12  60  0.245185136795  4  1
12  60  0.109722137451  1  0
12  60  0.444875001907  9  4
12  60  0.387516021729  9  3
12  60  0.966888904572  21  9
12  60  0.360419988632  10  2
12  60  0.307349920273  3  0
12  60  0.184494018555  3  0
12  60  0.459473133087  8  2
12  60  0.100594997406  2  0
12  60  0.157271146774  4  0
12  60  1.20002198219  31  14
12  60  0.514698028564  3  1
12  60  1.399061203  34  16
12  60  0.268268108368  1  0
12  60  0.33026599884  8  3
12  60  1.18343615532  27  12
12  60  0.244803190231  5  1
12  60  0.152606010437  4  2
12  60  0.395453214645  4  2
12  60  0.463414907455  6  3
12  60  0.120256900787  1  0
12  60  0.149091959  1  0
12  60  1.01409602165  29  11
12  60  0.496943950653  12  4
12  60  0.431626081467  10  4
12  60  0.111211061478  0  0
12  60  0.505737066269  9  3
12  60  0.325646877289  7  2
12  61  0.580938100815  11  4
12  61  0.565634965897  10  4
12  61  0.353677988052  1  0
12  61  0.425821065903  7  3
12  61  0.169121026993  1  0
12  61  0.474524021149  10  4
12  61  0.383240938187  7  2
12  61  1.03971815109  13  5
12  61  1.15799593925  9  3
12  61  2.73083806038  60  29
12  61  0.240646123886  3  1
12  61  0.399464130402  5  1
12  61  1.11481690407  24  11
12  61  0.625360012054  5  1
12  61  0.579190969467  10  3
12  61  0.198734998703  1  0
12  61  0.634073019028  13  3
12  61  0.327644109726  5  1
12  61  0.60932803154  6  1
12  61  0.132275104523  0  0
12  61  0.860332965851  10  3
12  61  0.348592042923  3  0
12  61  4.85319900513  68  31
12  61  0.440546989441  3  1
12  61  0.203752040863  1  0
12  61  0.105553150177  0  0
12  61  0.712014913559  6  2
12  61  0.485064029694  5  1
12  61  0.13347196579  1  0
12  61  0.119286060333  2  1
12  62  0.912442922592  21  9
12  62  0.226845979691  3  0
12  62  0.206532001495  3  0
12  62  0.191102981567  3  1
12  62  0.374649047852  7  2
12  62  0.17219209671  0  0
12  62  0.553421974182  6  2
12  62  0.480360031128  8  2
12  62  0.346451997757  10  4
12  62  0.0579550266266  0  0
12  62  2.84630894661  37  17
12  62  0.27275800705  6  2
12  62  0.441293954849  6  1
12  62  0.256385087967  6  2
12  62  0.619696855545  5  1
12  62  0.175531864166  0  0
12  62  1.36959600449  15  6
12  62  0.749083995819  7  1
12  62  0.876736879349  8  3
12  62  0.238234996796  1  0
12  62  0.403903007507  5  2
12  62  0.299599170685  6  2
12  62  1.09878110886  10  4
12  62  0.757570028305  5  2
12  62  0.3638048172  2  0
12  62  1.127794981  10  3
12  62  0.222305774689  1  0
12  62  0.796484947205  8  3
12  62  0.905688047409  8  2
12  62  1.52034807205  14  6
12  63  0.463958024979  9  4
12  63  0.370270013809  9  2
12  63  0.349410057068  10  2
12  63  0.116211175919  0  0
12  63  0.77187204361  16  7
12  63  0.185304164886  2  0
12  63  0.0771310329437  0  0
12  63  0.130141019821  3  1
12  63  0.861918926239  14  6
12  63  0.466624975204  11  4
12  63  1.22315597534  9  3
12  63  0.355615139008  3  1
12  63  0.948832988739  10  4
12  63  0.659137964249  7  2
12  63  0.240504026413  2  1
12  63  0.417135000229  11  3
12  63  0.333633184433  6  2
12  63  0.959914922714  22  11
12  63  0.522028207779  13  5
12  63  0.241183042526  4  0
12  63  0.263876914978  6  2
12  63  0.67542219162  13  5
12  63  1.40999603271  40  18
12  63  0.169213056564  2  1
12  63  0.322604894638  6  2
12  63  1.15932011604  27  11
12  63  0.760109901428  20  7
12  63  0.382520198822  3  0
12  63  2.11064195633  43  19
12  63  0.572920084  16  6
12  64  0.272625207901  4  1
12  64  0.338646888733  7  1
12  64  0.310096025467  5  1
12  64  0.109545946121  1  0
12  64  0.225481987  3  0
12  64  0.347239971161  6  2
12  64  0.202209949493  5  1
12  64  1.22972202301  30  13
12  64  0.420411109924  7  2
12  64  0.891654014587  8  2
12  64  0.733394861221  19  7
12  64  0.2817299366  6  1
12  64  0.347887992859  5  2
12  64  0.282520055771  5  1
12  64  0.883405923843  9  2
12  64  2.4154791832  44  20
12  64  1.37177205086  28  14
12  64  0.422800064087  8  3
12  64  0.210850954056  4  1
12  64  0.79558300972  12  4
12  64  0.869127988815  9  1
12  64  0.10520195961  0  0
12  64  0.157565832138  2  0
12  64  0.154011964798  0  0
12  64  0.0356659889221  0  0
12  64  0.681445121765  13  3
12  64  2.35694599152  30  13
12  64  0.537499904633  5  1
12  64  0.485285043716  5  1
12  64  1.00177598  9  3
12  65  0.449070930481  4  0
12  65  4.19706892967  52  24
12  65  0.720906972885  14  4
12  65  0.265607118607  3  1
12  65  0.227219820023  3  0
12  65  0.105979919434  0  0
12  65  0.312458992004  8  1
12  65  0.158095836639  1  0
12  65  0.591499090195  14  5
12  65  0.43890786171  9  3
12  65  1.10518407822  22  10
12  65  1.01846790314  25  11
12  65  0.540627002716  11  3
12  65  0.351930141449  6  1
12  65  0.617788791656  9  3
12  65  0.31592798233  1  0
12  65  1.28547096252  8  4
12  65  0.804888010025  5  2
12  65  0.929215908051  11  4
12  65  1.764097929  28  11
12  65  0.836413860321  15  4
12  65  0.294164180756  1  0
12  65  0.489460945129  11  3
12  65  1.15388894081  26  11
12  65  0.782695055008  11  4
12  65  0.338677883148  8  2
12  65  0.406168937683  6  1
12  65  4.62072396278  71  34
12  65  0.975816965103  12  3
12  65  1.46936798096  16  4
12  66  0.715445995331  5  1
12  66  0.708734989166  8  2
12  66  0.452049016953  4  1
12  66  0.358529090881  4  1
12  66  1.28885388374  18  6
12  66  0.815989971161  9  2
12  66  0.0953688621521  0  0
12  66  0.228660106659  5  1
12  66  0.563570976257  5  0
12  66  0.715662002563  7  2
12  66  0.322218179703  4  1
12  66  0.657876014709  17  4
12  66  0.412901878357  7  2
12  66  0.230626821518  2  0
12  66  0.84383392334  17  8
12  66  0.129928827286  1  0
12  66  0.446089982986  9  4
12  66  0.464545965195  8  1
12  66  2.34319996834  38  16
12  66  1.69955992699  14  5
12  66  0.364720106125  6  2
12  66  0.651098012924  13  3
12  66  0.473378181458  6  1
12  66  0.572318792343  8  3
12  66  25.3628630638  454  222
12  66  1.79840898514  12  4
12  66  0.527468204498  2  0
12  66  1.03267908096  9  2
12  66  0.534486055374  4  0
12  66  0.455159187317  2  1
12  67  1.17279601097  9  3
12  67  3.13521099091  44  19
12  67  0.354469060898  8  1
12  67  0.488138198853  8  1
12  67  2.42249894142  55  22
12  67  0.678495883942  14  5
12  67  0.150373935699  1  0
12  67  0.300575017929  5  1
12  67  16.0504510403  343  168
12  67  0.70606303215  13  3
12  67  3.90981698036  93  46
12  67  0.475831985474  8  3
12  67  1.71033501625  39  17
12  67  0.977991819382  11  2
12  67  0.148802995682  3  1
12  67  0.981137037277  26  12
12  67  0.771041154861  22  9
12  67  0.66007900238  19  6
12  67  0.265257120132  6  2
12  67  0.405099153519  13  6
12  67  0.883212089539  25  11
12  67  1.576390028  15  6
12  67  0.843572854996  4  1
12  67  0.914189100266  8  2
12  67  8.86487579346  183  88
12  67  0.663949966431  19  6
12  67  1.24480700493  9  2
12  67  0.366564035416  1  0
12  67  0.287131071091  3  0
12  67  12.6117081642  382  187
12  68  0.929329872131  24  10
12  68  18.8810660839  428  214
12  68  0.471853971481  9  3
12  68  0.0685670375824  0  0
12  68  0.460988044739  11  4
12  68  0.457671880722  8  3
12  68  0.229194879532  5  0
12  68  0.547086954117  12  5
12  68  4.02039694786  112  51
12  68  0.586241006851  14  4
12  68  0.294562101364  8  2
12  68  0.600992202759  14  4
12  68  0.410933971405  8  2
12  68  1.10250496864  24  9
12  68  2.16357183456  62  27
12  68  1.2426609993  33  12
12  68  1.21658205986  24  12
12  68  6.35415887833  143  70
12  68  0.148451089859  2  0
12  68  0.152598142624  1  0
12  68  0.192933082581  3  1
12  68  0.363182067871  7  2
12  68  0.6166639328  16  5
12  68  0.332195043564  8  3
12  68  0.352300882339  8  2
12  68  0.464910984039  11  4
12  68  0.48614692688  12  4
12  68  0.272984027863  3  0
12  68  1.84933209419  37  16
12  68  0.709608078003  12  2
12  69  0.636478185654  14  3
12  69  0.916177034378  23  8
12  69  0.393140077591  11  3
12  69  0.449676036835  8  2
12  69  0.393284082413  10  2
12  69  1.62413191795  40  18
12  69  0.220032215118  3  1
12  69  0.154355049133  1  0
12  69  2.63722109795  66  31
12  69  2.9194149971  77  37
12  69  0.20244717598  3  0
12  69  8.59535884857  204  99
12  69  0.553861141205  5  1
12  69  0.429049015045  7  1
12  69  0.600852012634  13  6
12  69  0.54437994957  10  1
12  69  2.31361889839  57  26
12  69  0.612940073013  16  3
12  69  0.2121758461  4  1
12  69  0.401631116867  8  3
12  69  0.174978971481  0  0
12  69  0.446855068207  10  3
12  69  0.337641000748  9  1
12  69  0.216906070709  4  2
12  69  7.33454799652  152  73
12  69  0.332695960999  9  2
12  69  0.224568128586  3  0
12  69  0.603703022003  17  4
12  69  0.804625034332  18  8
12  69  2.54882597923  64  29
12  70  0.981096982956  24  10
12  70  3.64577293396  87  42
12  70  0.533574819565  6  1
12  70  0.948112010956  11  3
12  70  0.848562955856  24  9
12  70  1.70173192024  43  19
12  70  0.152556180954  1  0
12  70  0.344668865204  4  0
12  70  0.384859085083  9  4
12  70  0.367183923721  8  2
12  70  0.265230894089  5  1
12  70  0.332450866699  7  2
12  70  0.140928983688  2  0
12  70  1.40558004379  42  18
12  70  1.83502101898  43  18
12  70  0.625813961029  18  7
12  70  0.65194606781  15  5
12  70  0.352161884308  7  2
12  70  0.608726978302  16  6
12  70  1.00967907906  26  11
12  70  7.37087488174  158  75
12  70  1.58124494553  27  11
12  70  0.272365808487  3  0
12  70  1.02918696404  16  4
12  70  0.665112018585  10  2
12  70  5.55930900574  85  38
12  70  1.27132892609  16  5
12  70  0.558286905289  9  3
12  70  0.512860059738  9  4
12  70  2.53788495064  31  14
12  71  0.814641952515  11  4
12  71  0.587868213654  7  1
12  71  1.91616392136  24  12
12  71  0.524753808975  6  2
12  71  1.89871501923  33  12
12  71  0.300701856613  3  1
12  71  0.964931964874  14  6
12  71  0.528836965561  5  1
12  71  0.507570981979  7  1
12  71  0.0941791534424  0  0
12  71  1.45341992378  22  9
12  71  0.807653903961  14  4
12  71  1.41724896431  26  11
12  71  0.730368852615  10  2
12  71  2.70929098129  43  19
12  71  0.607280015945  7  2
12  71  2.24637007713  34  14
12  71  1.1465420723  15  5
12  71  1.17595887184  9  4
12  71  0.296303033829  1  0
12  71  0.430489063263  8  2
12  71  0.444535017014  10  2
12  71  0.956121921539  16  4
12  71  0.859977006912  10  2
12  71  7.5697619915  134  64
12  71  2.61637806892  44  19
12  71  0.439629077911  8  2
12  71  0.261832952499  3  1
12  71  0.682080030441  12  4
12  71  0.516716003418  6  1
12  72  0.63804602623  9  2
12  72  0.886755943298  16  6
12  72  0.859167098999  12  3
12  72  0.898269891739  18  6
12  72  0.582666873932  10  3
12  72  4.67431879044  77  35
12  72  0.673269987106  11  4
12  72  0.479298114777  9  1
12  72  3.34733009338  49  22
12  72  4.11889100075  115  53
12  72  0.348575115204  7  1
12  72  0.806612968445  20  7
12  72  0.628481149673  16  7
12  72  0.356015920639  7  0
12  72  0.224806070328  2  0
12  72  2.18244695663  51  23
12  72  0.379427909851  9  2
12  72  16.6052231789  444  217
12  72  0.725574016571  17  6
12  72  0.786617994308  14  5
12  72  0.482621908188  10  3
12  72  0.816935062408  20  7
12  72  0.31352686882  7  2
12  72  0.0896289348602  0  0
12  72  0.338804006577  8  1
12  72  0.79766201973  23  9
12  72  0.392164945602  8  1
12  72  1.69693207741  49  23
12  72  1.30020403862  39  16
12  72  0.828804969788  24  7
12  73  3.75732207298  115  54
12  73  0.13644695282  0  0
12  73  0.428358078003  6  2
12  73  0.403731822968  10  0
12  73  0.721395015717  14  2
12  73  0.517864942551  6  2
12  73  6.33878779411  114  54
12  73  0.51659488678  5  1
12  73  0.492393016815  8  1
12  73  1.86861586571  43  18
12  73  1.56075000763  16  8
12  73  0.989933013916  17  5
12  73  3.98137307167  77  34
12  73  0.192951917648  0  0
12  73  0.544409036636  11  1
12  73  1.18991088867  22  8
12  73  1.51732802391  28  12
12  73  1.88153886795  30  13
12  73  2.93592000008  51  22
12  73  0.866540908813  19  6
12  73  0.807926893234  13  5
12  73  0.502846956253  7  2
12  73  1.69574785233  32  13
12  73  0.743816137314  14  4
12  73  0.822774887085  15  6
12  73  1.30063915253  16  7
12  73  0.582548141479  8  3
12  73  1.0439248085  27  8
12  73  1.11264109612  23  8
12  73  1.40187907219  25  9
12  74  2.24511408806  43  18
12  74  1.68365597725  39  16
12  74  23.9392681122  426  209
12  74  1.6464009285  34  15
12  74  1.20046305656  19  7
12  74  1.55684113503  26  11
12  74  0.74275803566  13  4
12  74  1.85704922676  55  21
12  74  5.35920715332  93  44
12  74  1.72500109673  32  14
12  74  0.244158029556  2  0
12  74  0.260833024979  2  0
12  74  2.71469092369  64  30
12  74  5.3005669117  102  46
12  74  1.61502313614  24  10
12  74  1.21519088745  14  6
12  74  1.21937704086  11  3
12  74  1.23823213577  20  8
12  74  0.774704217911  9  3
12  74  31.6412007809  610  299
12  74  1.22871398926  19  7
12  74  0.666702032089  8  2
12  74  1.92716503143  47  20
12  74  1.12211513519  21  7
12  74  1.14487504959  19  6
12  74  3.65674209595  50  22
12  74  3.37070798874  42  17
12  74  0.380278110504  6  2
12  74  2.29975199699  43  19
12  74  3.42649197578  71  31
12  75  0.788668870926  9  3
12  75  12.2980349064  192  93
12  75  1.04801011086  23  8
12  75  7.46792387962  136  66
12  75  10.8386008739  208  99
12  75  1.32518291473  19  7
12  75  9.72186803818  181  88
12  75  1.44225597382  28  8
12  75  15.7934861183  209  100
12  75  1.76012301445  36  14
12  75  1.02942299843  17  5
12  75  1.47300601006  22  9
12  75  1.26001501083  27  10
12  75  0.88719701767  24  7
12  75  0.837851047516  15  3
12  75  0.684003829956  11  2
12  75  3.04106020927  56  26
12  75  0.983600854874  10  4
12  75  0.545054912567  5  1
12  75  0.72127699852  10  3
12  75  3.8140001297  66  29
12  75  0.425739049911  5  0
12  75  2.67240810394  58  27
12  75  1.91759586334  34  13
12  75  1.83303999901  22  9
12  75  1.3731110096  22  9
12  75  0.773387908936  12  3
12  75  1.02862000465  25  10
12  75  0.50156712532  9  4
12  75  1.10361909866  16  4
12  76  0.549866914749  14  3
12  76  1.90736198425  38  17
12  76  5.02612519264  99  47
12  76  1.28920197487  22  9
12  76  1.07742595673  17  5
12  76  0.627053022385  8  2
12  76  1.27495193481  17  6
12  76  1.06346416473  13  4
12  76  1.61590099335  24  8
12  76  0.64312005043  11  4
12  76  1.20163917542  28  9
12  76  1.65138816833  31  11
12  76  1.51645302773  18  9
12  76  2.62696099281  32  10
12  76  52.838135004  783  387
12  76  7.74092912674  132  62
12  76  1.42381191254  25  9
12  76  1.08681082726  14  7
12  76  0.488089084625  7  2
12  76  17.468763113  317  154
12  76  0.665003061295  13  3
12  76  28.3206930161  579  285
12  76  0.916765928268  15  3
12  76  0.790683031082  25  6
12  76  0.697808980942  15  4
12  76  0.437725067139  8  2
12  76  91.2346420288  1763  876
12  76  0.11816906929  2  0
12  76  1.51949310303  26  11
12  76  1.67449617386  33  11
12  77  9.33288598061  162  76
12  77  44.0592579842  780  386
12  77  0.648133993149  23  6
12  77  2.64324307442  57  25
12  77  1.44058990479  20  7
12  77  0.981426954269  22  8
12  77  0.790085077286  23  6
12  77  3.37440013885  67  28
12  77  0.943948030472  17  5
12  77  5.34802794456  87  41
12  77  0.378479957581  6  2
12  77  0.724313020706  14  1
12  77  2.21414899826  33  14
12  77  0.518050193787  7  0
12  77  6.36162018776  120  57
12  77  10.2301878929  234  114
12  77  0.730446815491  11  2
12  77  0.907272100449  19  5
12  77  6.53208303452  122  56
12  77  5.69115400314  111  52
12  77  0.682207107544  5  1
12  77  0.465409994125  6  0
12  77  3.56329798698  82  39
12  77  4.10154485703  55  24
12  77  1.45567893982  36  11
12  77  2.18786406517  42  18
12  77  0.609907150269  13  3
12  77  1.7897131443  26  10
12  77  0.872782945633  10  3
12  77  0.862462043762  14  3
12  78  0.943241834641  13  3
12  78  0.69721698761  13  3
12  78  0.523104906082  10  2
12  78  0.389705896378  5  0
12  78  0.428350925446  8  2
12  78  2.12032008171  54  24
12  78  6.75020503998  141  67
12  78  0.749065160751  13  5
12  78  3.62567996979  66  27
12  78  0.407315969467  9  3
12  78  0.994000196457  12  2
12  78  0.742292881012  14  3
12  78  0.746663808823  14  3
12  78  2.15877795219  29  10
12  78  2.72320413589  41  19
12  78  3.04905819893  55  21
12  78  6.49994301796  130  59
12  78  0.701280117035  14  4
12  78  0.660560846329  9  2
12  78  0.844530105591  11  3
12  78  8.076390028  126  61
12  78  0.798859119415  9  3
12  78  1.08200407028  17  4
12  78  0.946495056152  14  2
12  78  1.12334179878  12  4
12  78  1.30837512016  35  10
12  78  0.496559858322  10  3
12  78  1.24915599823  26  8
12  78  0.990887880325  12  5
12  78  0.642535924911  8  1
12  79  1.40656900406  27  10
12  79  5.15078496933  107  51
12  79  0.943825006485  14  4
12  79  2.33638596535  48  19
12  79  0.920053005219  12  1
12  79  0.673076152802  8  1
12  79  1.36898207664  13  4
12  79  4.68529200554  81  38
12  79  1.32683396339  24  7
12  79  4.36027407646  53  24
12  79  38.3795278072  650  320
12  79  8.22598600388  149  71
12  79  0.577486991882  7  1
12  79  6.96134114265  135  65
12  79  0.998050928116  22  6
12  79  1.46043610573  38  15
12  79  29.1893510818  517  253
12  79  0.882961988449  17  4
12  79  0.73551607132  15  3
12  79  0.842043161392  16  3
12  79  1.21461510658  18  5
12  79  2.54062104225  33  13
12  79  4.91319489479  88  41
12  79  12.2757189274  200  96
12  79  1.27030301094  28  8
12  79  1.74787211418  37  14
12  79  2.7566280365  52  21
12  79  0.774924039841  22  7
12  79  1.65795397758  30  11
12  79  2.60794210434  39  17
12  80  5.77052903175  102  48
12  80  1.06379699707  30  7
12  80  0.869760036469  18  6
12  80  10.1550109386  189  90
12  80  101.547482967  1721  856
12  80  2.16128396988  36  14
12  80  4.1237719059  74  31
12  80  3.39936685562  70  32
12  80  22.0939688683  477  233
12  80  24.167883873  490  241
12  80  0.79643201828  9  3
12  80  0.698547840118  12  2
12  80  3.70688605309  56  26
12  80  0.992686033249  13  3
12  80  0.933972835541  12  3
12  80  0.972748041153  15  6
12  80  0.849989891052  15  3
12  80  3.32929205894  70  32
12  80  0.911406993866  25  7
12  80  0.881282091141  14  2
12  80  0.818603038788  20  3
12  80  2.60541200638  42  16
12  80  0.99533700943  20  8
12  80  0.723518848419  13  3
12  80  1.37644815445  22  9
12  80  0.741585016251  12  2
12  80  0.793422937393  12  3
12  80  1.29134106636  33  9
12  80  15.2185649872  298  143
12  80  4.62922096252  57  28
12  81  25.7333321571  458  225
12  81  6.00495696068  130  62
12  81  4.35373187065  66  30
12  81  1.76524615288  37  15
12  81  0.995894908905  13  1
12  81  4.02705001831  52  22
12  81  7.79367303848  132  61
12  81  1.1680328846  18  5
12  81  1.35320782661  17  6
12  81  8.63488197327  150  71
12  81  160.880472898  3068  1527
12  81  2.16425490379  45  18
12  81  7.82950496674  147  70
12  81  15.3761379719  304  146
12  81  3.38906908035  58  26
12  81  1.05331110954  29  11
12  81  0.667376995087  11  3
12  81  13.1969549656  244  118
12  81  1.15108013153  29  9
12  81  0.0913770198822  0  0
12  81  1.25511097908  28  7
12  81  0.559687137604  14  4
12  81  0.833657026291  15  6
12  81  2.41260099411  54  22
12  81  0.811861991882  9  2
12  81  3.41867399216  72  30
12  81  38.6267969608  727  358
12  81  3.61496496201  83  40
12  81  32.1400840282  598  297
12  81  1.15948581696  19  5
12  82  1.02693104744  25  8
12  82  0.214452981949  2  1
12  82  0.386101961136  12  2
12  82  22.7201731205  579  285
12  82  11.9244251251  283  138
12  82  15.9028580189  320  156
12  82  1.97947001457  31  10
12  82  6.18068003654  138  63
12  82  43.3210921288  889  440
12  82  5.58099794388  118  56
12  82  11.4712789059  265  129
12  82  0.288258075714  6  1
12  82  1.63148117065  48  18
12  82  13.7034890652  267  130
12  82  4.05963087082  86  38
12  82  17.4816009998  349  169
12  82  34.0707390308  710  350
12  82  0.615644931793  13  2
12  82  3.43720006943  66  30
12  82  21.5208129883  521  253
12  82  5.53601694107  108  48
12  82  2.18741798401  45  19
12  82  12.0165061951  233  111
12  82  0.632045984268  13  3
12  82  3.9212911129  72  33
12  82  23.3300008774  388  190
12  82  1.00661087036  14  2
12  82  1.91875290871  28  9
12  82  6.84780907631  115  55
12  82  1.18880081177  20  6
12  83  5.47808790207  95  44
12  83  80.5643820763  1644  819
12  83  1.03084492683  23  7
12  83  0.866726875305  29  9
12  83  0.90630197525  24  7
12  83  5.72577619553  115  53
12  83  2.00054097176  29  11
12  83  0.923329114914  12  4
12  83  2.19445014  42  17
12  83  1.23909187317  19  4
12  83  1.94990515709  29  11
12  83  0.652383804321  9  2
12  83  10.7448449135  220  108
12  83  3.38693213463  75  34
12  83  1.55390405655  26  8
12  83  27.9546840191  657  323
12  83  6.83249115944  98  46
12  83  2.20431280136  29  11
12  83  3.99661803246  69  28
12  83  2.94872498512  58  23
12  83  11.474435091  245  119
12  83  3.25713682175  65  27
12  83  0.731844902039  11  2
12  83  18.8842749596  474  231
12  83  2.33410906792  55  23
12  83  5.53818798065  104  49
12  83  1.75033593178  34  13
12  83  1.52294898033  39  12
12  83  1.71313309669  32  10
12  83  9.4293410778  165  79
12  84  1.28726100922  21  8
12  84  74.1360149384  1681  833
12  84  11.5113019943  193  91
12  84  0.78810095787  16  3
12  84  16.0829801559  315  150
12  84  3.35410904884  72  34
12  84  0.655982971191  12  2
12  84  5.45960092545  90  42
12  84  82.7092838287  1713  850
12  84  11.7478890419  268  130
12  84  3.09360384941  71  30
12  84  2.47161102295  46  16
12  84  23.4827420712  536  263
12  84  11.2129611969  283  134
12  84  156.285596132  3271  1632
12  84  25.1466970444  575  282
12  84  3.27983999252  65  27
12  84  0.550467014313  12  2
12  84  1.9091258049  30  14
12  84  2.70323514938  63  28
12  84  1.14048504829  27  11
12  84  7.76034998894  126  59
12  84  1.08807516098  20  3
12  84  1.31585597992  36  11
12  84  1.78360295296  40  14
12  84  4.8289000988  111  50
12  84  4.77659583092  91  41
12  84  1.97718405724  59  23
12  84  0.505892038345  14  4
12  84  0.736903190613  16  5
12  85  1.37347197533  33  10
12  85  5.89316701889  122  53
12  85  77.8725218773  1541  766
12  85  4.94921278954  110  52
12  85  3.30322313309  79  34
12  85  4.15856194496  119  55
12  85  30.020513773  635  309
12  85  29.2819979191  601  295
12  85  2.01816105843  47  17
12  85  22.4711649418  523  255
12  85  1.55394601822  39  15
12  85  12.0236749649  263  125
12  85  0.89621591568  20  4
12  85  0.917380094528  18  5
12  85  0.956166028976  17  4
12  85  0.781882047653  11  4
12  85  4.1251809597  78  35
12  85  1.17135906219  22  6
12  85  0.803424835205  15  3
12  85  2.08348584175  42  16
12  85  80.7960510254  2067  1027
12  85  1.41192698479  37  12
12  85  39.3439819813  863  428
12  85  0.612082004547  22  5
12  85  1.16479611397  21  5
12  85  22.2044370174  533  263
12  85  1.50724482536  50  20
12  85  1.03395009041  24  7
12  85  0.94845700264  17  5
12  85  2.56146597862  51  21
12  86  30.2419888973  683  337
12  86  1.45796298981  29  9
12  86  11.600933075  242  118
12  86  1.55474805832  45  16
12  86  3.1757171154  65  28
12  86  1.62454605103  42  17
12  86  1.3093829155  22  6
12  86  8.87404799461  237  114
12  86  1.43131303787  31  10
12  86  6.36550498009  160  75
12  86  0.594980955124  19  5
12  86  0.646989822388  24  7
12  86  15.9260630608  252  120
12  86  7.7358109951  157  72
12  86  3.30228686333  83  38
12  86  3.70325613022  89  40
12  86  1.82516503334  47  20
12  86  22.7212510109  343  168
12  86  5.20959806442  81  37
12  86  1.91649889946  32  13
12  86  3.85007715225  76  34
12  86  1.8570189476  43  16
12  86  22.1133639812  478  236
12  86  52.9418900013  1323  657
12  86  3.02503395081  72  34
12  86  4.68202209473  103  49
12  86  5.17910385132  93  43
12  86  0.581780910492  19  3
12  86  5.70492482185  127  56
12  86  2.63850879669  56  21
12  87  8.71903300285  166  76
12  87  0.544629096985  16  3
12  87  1.12646389008  29  13
12  87  5.35610485077  105  47
12  87  0.787808179855  17  3
12  87  2.2746720314  46  19
12  87  0.646867990494  26  7
12  87  3.46927499771  81  35
12  87  8.62997078896  159  73
12  87  7.53780794144  115  55
12  87  0.848896026611  19  5
12  87  1.50468587875  34  11
12  87  1.75021791458  48  17
12  87  2.00940012932  48  20
12  87  2.76633501053  47  21
12  87  23.9068570137  469  230
12  87  3.13890504837  77  33
12  87  27.2053570747  661  324
12  87  1.06306600571  27  9
12  87  14.0924129486  278  132
12  87  9.35181188583  201  96
12  87  17.5316209793  239  115
12  87  1.90974593163  46  17
12  87  0.65594792366  15  4
12  87  2.65841698647  50  21
12  87  2.0962100029  27  9
12  87  6.86973500252  145  67
12  87  35.8241519928  880  432
12  87  0.589251041412  11  1
12  87  7.30096101761  181  87
12  88  3.03257489204  117  52
12  88  0.799941062927  20  4
12  88  17.4296278954  349  170
12  88  5.57255601883  133  61
12  88  1.10364890099  21  6
12  88  1.04628586769  27  6
12  88  4.9365401268  122  56
12  88  3.58952379227  68  29
12  88  33.9981739521  846  417
12  88  66.1261079311  1739  866
12  88  67.8781490326  1302  648
12  88  2.33913111687  57  23
12  88  2.67942380905  54  22
12  88  21.7560269833  487  237
12  88  13.3538529873  288  138
12  88  6.88834905624  208  98
12  88  0.632344007492  13  3
12  88  1.07560396194  25  8
12  88  9.15284800529  232  107
12  88  5.89090585709  118  55
12  88  28.9700810909  625  307
12  88  32.9441878796  707  348
12  88  2.65262198448  52  19
12  88  11.9854888916  331  161
12  88  22.9792671204  517  251
12  88  4.65149497986  121  56
12  88  63.7113931179  1562  774
12  88  4.89399409294  97  44
12  88  10.6106050014  291  139
12  88  16.87946105  434  210
12  89  1.03065490723  23  8
12  89  1.74858403206  36  13
12  89  12.7004630566  294  141
12  89  1.03374409676  23  4
12  89  5.0262169838  127  58
12  89  124.690324783  3019  1499
12  89  2.60901880264  73  31
12  89  8.00303196907  193  91
12  89  0.917549133301  22  3
12  89  21.3584389687  480  234
12  89  4.17580890656  103  47
12  89  4.04531502724  81  35
12  89  25.7818078995  530  259
12  89  1.36724495888  27  9
12  89  2.93443894386  73  31
12  89  11.7739088535  223  108
12  89  2.46753501892  61  23
12  89  2.01543498039  46  19
12  89  426.552461863  10748  5366
12  89  1.10267806053  28  10
12  89  2192.41357994  49083  24536
12  89  6.495896101  136  61
12  89  2.17208600044  55  22
12  89  0.634546041489  28  8
12  89  8.5449719429  194  92
12  89  0.883947849274  39  9
12  89  1.16764998436  24  9
12  89  7.87368893623  159  74
12  89  19.3989949226  367  180
12  89  5.87863397598  137  64
12  90  1.3363199234  27  8
12  90  1.05445599556  21  4
12  90  3.44510793686  80  35
12  90  0.998050928116  24  6
12  90  0.884324073792  23  4
12  90  17.1404941082  450  216
12  90  1.65956687927  32  10
12  90  214.818007946  5581  2783
12  90  11.2917730808  261  124
12  90  3.36746501923  72  33
12  90  3.20825004578  83  37
12  90  1.00010609627  24  5
12  90  1.52765989304  39  10
12  90  47.5578041077  1118  553
12  90  0.72318482399  22  7
12  90  6.33225989342  136  64
12  90  22.9433550835  551  270
12  90  41.2163739204  908  450
12  90  2.46316695213  61  22
12  90  41.5489079952  1073  531
12  90  61.0914139748  1402  696
12  90  8.59285902977  173  80
12  90  27.4679582119  668  330
12  90  0.983788967133  24  7
12  90  228.096868992  5207  2598
12  90  154.308604956  4006  1997
12  90  15.4307868481  270  128
12  90  760.13073802  22200  11092
12  90  1.44778895378  34  11
12  90  1.30810308456  29  9
12  91  1.39516806602  26  8
12  91  1.28750896454  23  6
12  91  0.889957904816  23  8
12  91  0.845124959946  23  3
12  91  5.771078825  133  58
12  91  6.62141680717  137  63
12  91  1.76990890503  47  20
12  91  0.624100923538  15  4
12  91  31.1310548782  806  397
12  91  3.53490209579  83  38
12  91  1.69033789635  39  14
12  91  7.60216116905  165  76
12  91  1.13855600357  22  5
12  91  10.6359322071  230  109
12  91  1.33814501762  30  9
12  91  1.13024115562  34  8
12  91  1.13168597221  25  5
12  91  0.835505008698  26  6
12  91  6.94004607201  200  91
12  91  29.6987509727  746  367
12  91  54.8289628029  1369  677
12  91  4.09866404533  107  49
12  91  3.52716588974  84  33
12  91  8.90555810928  225  107
12  91  1.25469207764  30  10
12  91  2.40512681007  54  23
12  91  3.20106506348  74  32
12  91  3.57863998413  64  27
12  91  5.93233895302  128  58
12  91  1.84068894386  45  18
12  92  72.8457641602  2002  996
12  92  3.74634408951  99  43
12  92  164.912353992  3745  1867
12  92  6.51016306877  154  68
12  92  19.5806839466  429  205
12  92  1.7778699398  37  15
12  92  5.20400500298  149  69
12  92  1.39065003395  47  16
12  92  13.3418221474  260  122
12  92  5.0724902153  96  41
12  92  1.73842287064  34  10
12  92  14.1962790489  224  108
12  92  11.045238018  273  131
12  92  3.39124894142  75  30
12  92  5.93356394768  128  58
12  92  3.2627530098  76  32
12  92  14.2111749649  327  155
12  92  22.4927949905  547  270
12  92  4.95440912247  116  53
12  92  2.88930583  87  38
12  92  2.14194297791  57  20
12  92  2.9849588871  75  28
12  92  100.761914968  2322  1155
12  92  1.78128480911  51  18
12  92  1.37147498131  29  8
12  92  1.64040899277  40  11
12  92  2.93639588356  107  44
12  92  3.65071988106  101  42
12  92  1.85965800285  59  22
12  92  4.61219096184  143  64
12  93  3.50502300262  82  34
12  93  4.10823106766  103  42
12  93  380.703778028  8933  4458
12  93  4.25360202789  109  49
12  93  1.24297404289  47  13
12  93  1.73655486107  37  11
12  93  33.8121922016  911  444
12  93  17.6526679993  476  232
12  93  5.73026394844  163  73
12  93  52.7393200397  1054  520
12  93  0.868076086044  18  5
12  93  1.29711604118  34  11
12  93  0.747137069702  17  1
12  93  18.1352012157  409  197
12  93  51.8336930275  1034  512
12  93  1.21657586098  35  13
12  93  278.351089001  6350  3170
12  93  1.31890797615  32  9
12  93  1.88352179527  48  18
12  93  0.605569124222  10  1
12  93  0.814248085022  22  5
12  93  15.381114006  414  202
12  93  0.962558984756  18  5
12  93  0.991352081299  32  9
12  93  256.817860842  5754  2870
12  93  20.4986040592  395  192
12  93  59.187224865  1275  633
12  93  33.7519631386  797  392
12  93  59.6414759159  1272  631
12  93  1.28580999374  28  11
12  94  37.951625824  857  422
12  94  1.50858402252  29  10
12  94  1.99943494797  41  12
12  94  24.5702500343  447  216
12  94  26.4444739819  665  322
12  94  8.18406510353  207  99
12  94  20.6797640324  501  245
12  94  1.17947006226  24  5
12  94  8.53372192383  250  115
12  94  5.19845890999  133  62
12  94  0.817291021347  32  12
12  94  5.73065304756  165  79
12  94  2.19619083405  60  25
12  94  166.751813889  4234  2113
12  94  2.71740293503  68  26
12  94  685.299864054  15975  7980
12  94  0.621578931808  22  3
12  94  1.04584598541  29  6
12  94  34.310174942  848  415
12  94  43.6333758831  1107  547
12  94  14.3130500317  433  209
12  94  37.4060139656  921  455
12  94  1.10390305519  20  5
12  94  267.320960045  6434  3211
12  94  13.7915809155  365  175
12  94  1.04098200798  36  11
12  94  1.58603000641  43  12
12  94  21.8606331348  617  303
12  94  9.08233189583  266  124
12  94  161.979216099  3408  1698
12  95  15.2845311165  403  193
12  95  1.27579498291  34  10
12  95  15.1394219398  395  191
12  95  2.54833292961  64  23
12  95  1.18706011772  24  6
12  95  3.97467398643  109  49
12  95  9.62720489502  275  131
12  95  20.8941380978  497  243
12  95  3.1413731575  82  34
12  95  17.4264719486  294  142
12  95  2.74499893188  62  27
12  95  1.34850001335  24  7
12  95  1.01642203331  23  8
12  95  51.3566970825  1191  588
12  95  11.91320014  263  125
12  95  140.179723024  3050  1520
12  95  1.68074083328  46  17
12  95  4.28533387184  100  45
12  95  80.9616250992  2036  1010
12  95  3.12498521805  66  26
12  95  0.963707923889  28  6
12  95  1.10098814964  29  8
12  95  1.70846199989  41  13
12  95  3.09521508217  93  36
12  95  2.11319303513  45  16
12  95  3.22532296181  61  25
12  95  137.259281158  3139  1563
12  95  4.15290689468  122  55
12  95  5.40557789803  122  54
12  95  1.06031084061  24  7
12  96  4.06900405884  110  47
12  96  30.4957399368  659  322
12  96  1.3321158886  32  9
12  96  14.9426028728  382  183
12  96  1.41167497635  43  15
12  96  16348.633549  402524  201255
12  96  1.94859218597  40  12
12  96  1.30087900162  30  8
12  96  5.38043093681  126  56
12  96  85.9817941189  1826  906
12  96  1.67405605316  46  16
12  96  1.9940290451  70  28
12  96  3.33902096748  88  36
12  96  181.105080843  4244  2115
12  96  2.54115200043  62  21
12  96  73.7287330627  2058  1019
12  96  22.6934030056  608  295
12  96  15.4033849239  370  179
12  96  2.60718083382  78  32
12  96  582.095965147  14080  7035
12  96  19.2461409569  505  244
12  96  1.96681118011  60  24
12  96  0.740722894669  16  2
12  96  0.667011976242  19  2
12  96  4.32480406761  92  39
12  96  1.34044790268  27  8
12  96  1.71500492096  37  10
12  96  1.60910797119  41  14
12  96  37.12590909  1035  510
12  96  1.14029812813  25  5
12  97  42.154708147  950  470
12  97  153.731727123  4435  2208
12  97  3.21529793739  83  36
12  97  38.114828825  1169  576
12  97  3.27665805817  78  32
12  97  9.25363588333  235  110
12  97  0.922116994858  22  4
12  97  12.8503949642  334  157
12  97  0.89547085762  37  10
12  97  1.23084306717  46  18
12  97  3.89372301102  104  43
12  97  1.11535596848  53  18
12  97  2.1057741642  47  16
12  97  3.49817991257  75  30
12  97  5.28803706169  120  53
12  97  3.7243950367  86  34
12  97  6.20374393463  133  61
12  97  20.4352910519  493  237
12  97  113.63540411  2378  1181
12  97  41.1994781494  1029  507
12  97  4.86499500275  100  42
12  97  1.76728487015  41  14
12  97  17.0911889076  437  210
12  97  54.8696839809  1435  711
12  97  32.7429361343  838  411
12  97  1.41134119034  33  10
12  97  2.38090491295  70  27
12  97  1.24929404259  53  19
12  97  39.7571179867  966  478
12  97  2.86554503441  67  28
12  98  8.78428888321  241  114
12  98  118.805507898  3231  1609
12  98  1.64377593994  46  14
12  98  2.78286004066  63  21
12  98  13.9619030952  325  155
12  98  1.45313382149  38  11
12  98  1307.43848896  33048  16517
12  98  18.4450278282  525  255
12  98  0.78918504715  19  4
12  98  5.09316921234  128  53
12  98  1.91772508621  48  17
12  98  1.01218891144  33  10
12  98  1.5749361515  38  10
12  98  1.78033399582  39  14
12  98  64.6694290638  1578  782
12  98  21.8660559654  572  280
12  98  1.19313097  32  8
12  98  154.362783909  3540  1763
12  98  2.25682687759  76  27
12  98  26.0607891083  751  367
12  98  42.4847021103  1259  622
12  98  37.9994471073  971  476
12  98  192.085612059  4417  2202
12  98  5.82570099831  148  64
12  98  17.2924017906  386  185
12  98  172.590363979  4237  2111
12  98  1.46437001228  43  12
12  98  2.85763597488  93  38
12  98  2.07699990273  62  19
12  98  2.08947491646  46  17
12  99  4.86122107506  123  56
12  99  960.6535151  21644  10815
12  99  267.508877993  7837  3909
12  99  1.1496090889  24  4
12  99  1.49334001541  42  12
12  99  7.39963793755  155  72
12  99  67.2889089584  1545  765
12  99  5.7885491848  162  72
12  99  20.8034460545  618  303
12  99  1.77773094177  38  11
12  99  3.9048910141  84  34
12  99  140.793654919  4233  2107
12  99  122.838447094  3219  1605
12  99  18.1727118492  490  236
12  99  2.38437414169  79  27
12  99  36.4994568825  925  455
12  99  3.00179791451  100  42
12  99  9.28686690331  244  115
12  99  1.75726819038  54  17
12  99  1.01535010338  29  7
12  99  1.78257584572  45  11
12  99  2.36681890488  64  22
12  99  5.99580097198  166  77
12  99  8.70708489418  167  74
12  99  90.8200411797  2086  1036
12  99  1.35564398766  49  17
12  99  2.72283506393  73  30
12  99  9.10271215439  247  112
12  99  0.860311031342  25  4
12  99  37.3697440624  824  403
12  100  2.14473080635  42  13
12  100  28.2163209915  705  346
12  100  2.92450284958  73  27
12  100  3140.06074595  86755  43371
12  100  7.39981794357  194  88
12  100  1.55632781982  39  9
12  100  1.78983283043  51  16
12  100  0.945279836655  34  8
12  100  2.45508003235  76  32
12  100  1.20317101479  27  7
12  100  1.38393187523  33  5
12  100  13.3160250187  426  199
12  100  505.445313931  14021  7005
12  100  22.1986939907  648  313
12  100  1.66146302223  48  17
12  100  447.085518837  11915  5951
12  100  6.9314789772  184  83
12  100  103.942586899  2630  1305
12  100  152.474380016  4067  2027
12  100  469.751688004  12420  6199
12  100  8.08147907257  210  98
12  100  8.75839209557  230  106
12  100  16.3900551796  436  209
12  100  7.01441121101  229  105
12  100  75.8029530048  1874  928
12  100  6.31677603722  199  90
12  100  90.6496369839  2748  1364
12  100  0.648926019669  23  5
12  100  14.9561760426  405  195
12  100  1.76470303535  38  9
12  101  8.05771899223  228  107
12  101  0.586529016495  21  3
12  101  315.374855995  7272  3629
12  101  4.80427598953  136  61
12  101  3.48723697662  106  44
12  101  8.92997312546  210  95
12  101  4.36828708649  127  56
12  101  180.21728611  4905  2446
12  101  120.433964014  3208  1597
12  101  94.5703680515  2328  1158
12  101  113.123475075  3029  1504
12  101  427.78273797  11601  5793
12  101  24.9356019497  634  309
12  101  29.7698018551  755  371
12  101  61.8994438648  1532  759
12  101  4.17521882057  105  45
12  101  2.15485095978  48  16
12  101  98.970772028  2907  1445
12  101  102.070336103  2600  1292
12  101  112.826125145  3296  1641
12  101  9.24373888969  246  116
12  101  2.13233304024  56  18
12  101  27.2176611423  685  335
12  101  51.4513700008  1281  632
12  101  36.6162378788  944  466
12  101  1.5061879158  44  12
12  101  1.87516021729  42  11
12  101  6.50637388229  154  68
12  101  13.9571168423  351  167
12  101  1.12795186043  43  11
12  102  3.12413811684  112  45
12  102  2.49587106705  64  21
12  102  11.4024479389  312  147
12  102  20.747469902  580  280
12  102  1.69383597374  50  14
12  102  12.1516849995  303  144
12  102  8.5803129673  207  95
12  102  2.59927797318  82  34
12  102  1.17719697952  32  7
12  102  8.56288504601  233  108
12  102  4.641726017  150  65
12  102  1.38304615021  36  9
12  102  21.3760168552  537  260
12  102  401.18097496  10908  5444
12  102  3.99584817886  141  62
12  102  3.28220486641  87  33
12  102  2.50247311592  79  30
12  102  112.475342035  2832  1411
12  102  2.12516593933  59  19
12  102  1.49300694466  39  14
12  102  1.52078580856  50  17
12  102  3.48032283783  96  41
12  102  1.36912679672  49  13
12  102  8.04170489311  266  123
12  102  56.3721840382  1443  713
12  102  136.584466934  3760  1870
12  102  0.85596704483  33  9
12  102  5.1549539566  122  52
12  102  9.66477417946  257  120
12  102  1.56919813156  41  8
12  103  62.1849060059  1637  808
12  103  4.95574998856  167  73
12  103  55.1671929359  1481  733
12  103  2.57088708878  82  31
12  103  1.86993193626  46  13
12  103  1.5950319767  59  17
12  103  331.166270971  10112  5048
12  103  75.6481790543  2200  1089
12  103  3.09725499153  68  21
12  103  70.5628712177  1864  925
12  103  1095.62340713  28994  14487
12  103  0.613918781281  25  5
12  103  81.1981079578  1850  915
12  103  2.39816308022  61  22
12  103  743.803056002  20112  10045
12  103  2.85465288162  98  38
12  103  1.9840631485  51  16
12  103  3.72867107391  84  33
12  103  1.82637500763  41  12
12  103  26.966629982  619  303
12  103  261.563873053  7712  3843
12  103  560.012650967  15469  7728
12  103  10.8550570011  324  153
12  103  71.7652101517  2142  1061
12  103  1.24419403076  34  10
12  103  14953.878968  426855  213418
12  103  73.7904989719  1833  909
12  103  3.97824907303  109  47
12  103  1.70402598381  53  18
12  103  5.18371391296  143  60
12  104  1136.61922002  27212  13596
12  104  394.495271921  10192  5085
12  104  5112.88874292  139902  69939
12  104  59.33517313  2808  1395
12  104  32.1010770798  1578  777
12  104  73.5794320107  2810  1395
12  104  1.39812803268  59  21
12  104  157.350875854  6732  3359
12  104  107.864943981  4269  2126
12  104  16.2060079575  650  314
12  104  17.3376779556  719  347
12  104  21.3374669552  858  419
12  104  4.59041595459  199  89
12  104  0.976910114288  50  16
12  104  1.10283112526  54  19
12  104  14.4804971218  612  296
12  104  8.23102402687  368  172
12  104  0.81579709053  44  11
12  104  11.2570149899  453  218
12  104  45.4916760921  2029  1005
12  104  106.555471897  5128  2554
12  104  118.403975964  5432  2704
12  104  27.7356700897  1173  579
12  104  37.8950707912  1665  825
12  104  0.851489782333  45  13
12  104  0.791641950607  43  11
12  104  11.5395960808  532  259
12  104  5.37869405746  232  107
12  104  74.8760638237  3538  1759
12  104  3.79219603539  175  77
12  105  0.873332977295  46  13
12  105  1.47261595726  75  27
12  105  53.5958659649  2250  1112
12  105  0.818837881088  43  10
12  105  7.30512189865  286  136
12  105  0.938625097275  55  13
12  105  59923.212693  2553239  1276610
12  105  145.726142168  6784  3378
12  105  20.3756599426  921  451
12  105  22705.4332671  1042428  521204
12  105  67.7426519394  2970  1478
12  105  127.083605051  6111  3045
12  105  1259.71609902  57353  28667
12  105  8.70878601074  386  185
12  105  3.02975296974  132  56
12  105  2994.89728594  135656  67819
12  105  1422.59615111  71897  35942
12  105  424.069409847  17324  8652
12  105  7.72901701927  306  141
12  105  3.12426686287  143  62
12  105  3053.98418808  135021  67497
12  105  9.79944610596  433  208
12  105  4.5079600811  183  82
12  105  0.962238073349  46  12
12  105  21.2504088879  1036  503
12  105  1.39745998383  68  25
12  105  0.727596998215  39  9
12  105  1.90705490112  77  30
12  105  56.608798027  2416  1199
12  105  15.4471230507  624  303
12  106  0.823982954025  40  11
12  106  12.0178248882  505  242
12  106  3.6140999794  159  72
12  106  0.866030931473  50  13
12  106  270.593220949  12076  6029
12  106  0.808899879456  46  12
12  106  111.363595963  4585  2282
12  106  5.4428589344  230  105
12  106  18.0206160545  830  407
12  106  1.30069708824  64  21
12  106  56.6897470951  2397  1188
12  106  13.3279042244  579  280
12  106  6.42417097092  297  139
12  106  29.2055461407  1207  594
12  106  278.119777918  12029  6005
12  106  2.49689698219  113  45
12  106  49.7308299541  2121  1051
12  106  22.6362009048  976  474
12  106  83.3848001957  3656  1815
12  106  2.65172886848  121  47
12  106  1.04323291779  46  15
12  106  0.840264081955  41  10
12  106  73.4385778904  3114  1547
12  106  69132.0009968  2857442  1428712
12  106  8199.47443604  457377  228677
12  106  3.58048605919  151  65
12  14  0.0224349498749  0  0
12  14  0.0291669368744  0  0
12  14  0.0220191478729  0  0
12  14  0.0216789245605  0  0
12  14  0.0226011276245  0  0
12  14  0.0223999023438  0  0
12  14  0.022716999054  0  0
12  14  0.0253241062164  0  0
12  14  0.0219559669495  0  0
12  14  0.0224089622498  0  0
12  14  0.0220220088959  0  0
12  14  0.0215790271759  0  0
12  14  0.022558927536  0  0
12  14  0.0219240188599  0  0
12  14  0.0217719078064  0  0
12  14  0.0224988460541  0  0
12  14  0.024227142334  0  0
12  14  0.0324320793152  0  0
12  14  0.0220370292664  0  0
12  14  0.0217080116272  0  0
12  14  0.022341966629  0  0
12  14  0.0232908725739  0  0
12  14  0.0303020477295  0  0
12  14  0.0223999023438  0  0
12  14  0.0213329792023  0  0
12  14  0.0383260250092  0  0
12  14  0.0327210426331  0  0
12  14  0.0228519439697  0  0
12  14  0.0226738452911  0  0
12  14  0.0236659049988  0  0
