size  blanks  time  guess  backtrack
4  12  0.0722880363464  3  0 [9 1 9 9]
[9 0 1 9]
[9 1 9 9]
[9 9 9 9] [0 1 0 1]
[0 0 1 1]
[1 1 0 0]
[1 0 1 0]
4  12  0.0243899822235  4  0 [9 9 9 9]
[9 9 9 9]
[9 1 9 9]
[9 9 9 9] [0 0 1 1]
[0 1 0 1]
[1 1 0 0]
[1 0 1 0]
4  12  0.0394299030304  7  1 [9 9 9 9]
[9 9 9 9]
[9 9 9 9]
[9 9 9 9] [0 0 1 1]
[0 1 1 0]
[1 1 0 0]
[1 0 0 1]
4  12  0.0438709259033  7  1 [9 9 9 9]
[9 9 9 9]
[9 9 9 9]
[9 9 9 9] [0 0 1 1]
[0 1 1 0]
[1 1 0 0]
[1 0 0 1]
4  12  0.043436050415  7  1 [9 9 9 9]
[9 9 9 9]
[9 9 9 9]
[9 9 9 9] [0 0 1 1]
[0 1 1 0]
[1 1 0 0]
[1 0 0 1]
4  12  0.0397119522095  7  1 [9 9 9 9]
[9 9 9 9]
[9 9 9 9]
[9 9 9 9] [0 0 1 1]
[0 1 1 0]
[1 1 0 0]
[1 0 0 1]
4  12  0.0492379665375  7  1 [9 9 9 9]
[9 9 9 9]
[9 9 9 9]
[9 9 9 9] [0 0 1 1]
[0 1 1 0]
[1 1 0 0]
[1 0 0 1]
4  12  0.019299030304  2  0 [9 0 9 9]
[1 9 9 9]
[1 9 9 0]
[9 9 9 9] [0 0 1 1]
[1 0 0 1]
[1 1 0 0]
[0 1 1 0]
4  12  0.0270400047302  5  1 [9 0 9 9]
[9 9 9 9]
[9 9 9 0]
[9 9 9 9] [0 0 1 1]
[0 1 1 0]
[1 1 0 0]
[1 0 0 1]
4  12  0.0343248844147  6  1 [9 0 9 9]
[9 9 9 9]
[9 9 9 9]
[9 9 9 9] [0 0 1 1]
[0 1 1 0]
[1 1 0 0]
[1 0 0 1]
4  12  0.033035993576  6  1 [9 0 9 9]
[9 9 9 9]
[9 9 9 9]
[9 9 9 9] [0 0 1 1]
[0 1 1 0]
[1 1 0 0]
[1 0 0 1]
4  12  0.0362570285797  7  1 [9 9 9 9]
[9 9 9 9]
[9 9 9 9]
[9 9 9 9] [0 0 1 1]
[0 1 1 0]
[1 1 0 0]
[1 0 0 1]
4  12  0.0347721576691  7  1 [9 9 9 9]
[9 9 9 9]
[9 9 9 9]
[9 9 9 9] [0 0 1 1]
[0 1 1 0]
[1 1 0 0]
[1 0 0 1]
4  12  0.0360789299011  7  1 [9 9 9 9]
[9 9 9 9]
[9 9 9 9]
[9 9 9 9] [0 0 1 1]
[0 1 1 0]
[1 1 0 0]
[1 0 0 1]
4  12  0.0193889141083  1  0 [9 0 9 9]
[9 1 9 1]
[9 9 9 0]
[9 9 9 9] [0 0 1 1]
[0 1 0 1]
[1 1 0 0]
[1 0 1 0]
4  12  0.0265481472015  4  0 [9 9 9 9]
[9 9 9 1]
[9 9 9 9]
[9 9 9 9] [0 0 1 1]
[0 1 0 1]
[1 0 1 0]
[1 1 0 0]
4  12  0.0490939617157  7  1 [9 9 9 9]
[9 9 9 9]
[9 9 9 9]
[9 9 9 9] [0 0 1 1]
[0 1 1 0]
[1 1 0 0]
[1 0 0 1]
4  12  0.0506319999695  7  1 [9 9 9 9]
[9 9 9 9]
[9 9 9 9]
[9 9 9 9] [0 0 1 1]
[0 1 1 0]
[1 1 0 0]
[1 0 0 1]
4  12  0.0353429317474  7  1 [9 9 9 9]
[9 9 9 9]
[9 9 9 9]
[9 9 9 9] [0 0 1 1]
[0 1 1 0]
[1 1 0 0]
[1 0 0 1]
4  12  0.0543489456177  7  1 [9 9 9 9]
[9 9 9 9]
[9 9 9 9]
[9 9 9 9] [0 0 1 1]
[0 1 1 0]
[1 1 0 0]
[1 0 0 1]
4  12  0.045284986496  7  1 [9 9 9 9]
[9 9 9 9]
[9 9 9 9]
[9 9 9 9] [0 0 1 1]
[0 1 1 0]
[1 1 0 0]
[1 0 0 1]
4  12  0.0168030261993  2  0 [9 9 9 9]
[1 0 9 9]
[9 9 9 1]
[9 1 9 9] [0 0 1 1]
[1 0 1 0]
[0 1 0 1]
[1 1 0 0]
4  12  0.0355789661407  5  1 [9 9 9 9]
[9 9 9 9]
[9 9 9 1]
[9 9 9 9] [0 0 1 1]
[0 1 1 0]
[1 0 0 1]
[1 1 0 0]
4  12  0.0361380577087  7  1 [9 9 9 9]
[9 9 9 9]
[9 9 9 9]
[9 9 9 9] [0 0 1 1]
[0 1 1 0]
[1 1 0 0]
[1 0 0 1]
4  12  0.0353939533234  7  1 [9 9 9 9]
[9 9 9 9]
[9 9 9 9]
[9 9 9 9] [0 0 1 1]
[0 1 1 0]
[1 1 0 0]
[1 0 0 1]
4  12  0.0404019355774  7  1 [9 9 9 9]
[9 9 9 9]
[9 9 9 9]
[9 9 9 9] [0 0 1 1]
[0 1 1 0]
[1 1 0 0]
[1 0 0 1]
4  12  0.0369868278503  7  1 [9 9 9 9]
[9 9 9 9]
[9 9 9 9]
[9 9 9 9] [0 0 1 1]
[0 1 1 0]
[1 1 0 0]
[1 0 0 1]
4  12  0.0347371101379  7  1 [9 9 9 9]
[9 9 9 9]
[9 9 9 9]
[9 9 9 9] [0 0 1 1]
[0 1 1 0]
[1 1 0 0]
[1 0 0 1]
4  12  0.0167460441589  1  0 [9 9 9 9]
[9 9 1 9]
[9 9 9 1]
[9 0 1 9] [0 1 0 1]
[0 1 1 0]
[1 0 0 1]
[1 0 1 0]
4  12  0.0361349582672  6  2 [9 9 9 9]
[9 9 9 9]
[9 9 9 1]
[9 0 9 9] [0 0 1 1]
[1 1 0 0]
[0 1 0 1]
[1 0 1 0]
4  12  0.0378279685974  6  1 [9 9 9 9]
[9 9 9 9]
[9 9 9 9]
[9 0 9 9] [0 0 1 1]
[0 1 1 0]
[1 1 0 0]
[1 0 0 1]
4  12  0.0356647968292  7  1 [9 9 9 9]
[9 9 9 9]
[9 9 9 9]
[9 9 9 9] [0 0 1 1]
[0 1 1 0]
[1 1 0 0]
[1 0 0 1]
4  12  0.039892911911  7  1 [9 9 9 9]
[9 9 9 9]
[9 9 9 9]
[9 9 9 9] [0 0 1 1]
[0 1 1 0]
[1 1 0 0]
[1 0 0 1]
4  12  0.0367650985718  7  1 [9 9 9 9]
[9 9 9 9]
[9 9 9 9]
[9 9 9 9] [0 0 1 1]
[0 1 1 0]
[1 1 0 0]
[1 0 0 1]
4  12  0.034332036972  7  1 [9 9 9 9]
[9 9 9 9]
[9 9 9 9]
[9 9 9 9] [0 0 1 1]
[0 1 1 0]
[1 1 0 0]
[1 0 0 1]
4  12  0.0223581790924  3  0 [9 1 9 9]
[9 9 9 0]
[1 9 9 9]
[9 0 9 9] [0 1 0 1]
[0 1 1 0]
[1 0 1 0]
[1 0 0 1]
4  12  0.0397689342499  7  1 [9 9 9 9]
[9 9 9 9]
[1 9 9 9]
[9 9 9 9] [0 0 1 1]
[0 1 1 0]
[1 1 0 0]
[1 0 0 1]
4  12  0.0366740226746  7  1 [9 9 9 9]
[9 9 9 9]
[1 9 9 9]
[9 9 9 9] [0 0 1 1]
[0 1 1 0]
[1 1 0 0]
[1 0 0 1]
4  12  0.0377449989319  7  1 [9 9 9 9]
[9 9 9 9]
[9 9 9 9]
[9 9 9 9] [0 0 1 1]
[0 1 1 0]
[1 1 0 0]
[1 0 0 1]
4  12  0.0379149913788  7  1 [9 9 9 9]
[9 9 9 9]
[9 9 9 9]
[9 9 9 9] [0 0 1 1]
[0 1 1 0]
[1 1 0 0]
[1 0 0 1]
4  12  0.0434119701385  7  1 [9 9 9 9]
[9 9 9 9]
[9 9 9 9]
[9 9 9 9] [0 0 1 1]
[0 1 1 0]
[1 1 0 0]
[1 0 0 1]
4  12  0.0384879112244  7  1 [9 9 9 9]
[9 9 9 9]
[9 9 9 9]
[9 9 9 9] [0 0 1 1]
[0 1 1 0]
[1 1 0 0]
[1 0 0 1]
