size  blanks  time  guess  backtrack
6  27  0.0669379234314  5  1 [9 9 9 1 9 9]
[9 9 1 9 9 0]
[9 9 1 0 9 1]
[9 9 9 9 9 9]
[9 0 9 9 0 1]
[9 9 9 9 9 9] [0 1 0 1 0 1]
[0 1 1 0 1 0]
[1 0 1 0 0 1]
[0 1 0 1 1 0]
[1 0 0 1 0 1]
[1 0 1 0 1 0]
6  27  0.134044885635  21  4 [9 9 9 9 9 9]
[9 9 9 9 9 9]
[9 9 9 9 9 9]
[9 9 9 9 9 9]
[9 9 9 9 9 9]
[9 9 9 9 9 9] [0 0 1 0 1 1]
[1 1 0 1 0 0]
[0 0 1 1 0 1]
[1 1 0 0 1 0]
[1 0 1 1 0 0]
[0 1 0 0 1 1]
6  27  0.141481161118  21  4 [9 9 9 9 9 9]
[9 9 9 9 9 9]
[9 9 9 9 9 9]
[9 9 9 9 9 9]
[9 9 9 9 9 9]
[9 9 9 9 9 9] [0 0 1 0 1 1]
[1 1 0 1 0 0]
[0 0 1 1 0 1]
[1 1 0 0 1 0]
[1 0 1 1 0 0]
[0 1 0 0 1 1]
6  27  0.135267019272  21  4 [9 9 9 9 9 9]
[9 9 9 9 9 9]
[9 9 9 9 9 9]
[9 9 9 9 9 9]
[9 9 9 9 9 9]
[9 9 9 9 9 9] [0 0 1 0 1 1]
[1 1 0 1 0 0]
[0 0 1 1 0 1]
[1 1 0 0 1 0]
[1 0 1 1 0 0]
[0 1 0 0 1 1]
6  27  0.134720802307  21  4 [9 9 9 9 9 9]
[9 9 9 9 9 9]
[9 9 9 9 9 9]
[9 9 9 9 9 9]
[9 9 9 9 9 9]
[9 9 9 9 9 9] [0 0 1 0 1 1]
[1 1 0 1 0 0]
[0 0 1 1 0 1]
[1 1 0 0 1 0]
[1 0 1 1 0 0]
[0 1 0 0 1 1]
6  27  0.147188901901  21  4 [9 9 9 9 9 9]
[9 9 9 9 9 9]
[9 9 9 9 9 9]
[9 9 9 9 9 9]
[9 9 9 9 9 9]
[9 9 9 9 9 9] [0 0 1 0 1 1]
[1 1 0 1 0 0]
[0 0 1 1 0 1]
[1 1 0 0 1 0]
[1 0 1 1 0 0]
[0 1 0 0 1 1]
6  27  0.126569032669  21  4 [9 9 9 9 9 9]
[9 9 9 9 9 9]
[9 9 9 9 9 9]
[9 9 9 9 9 9]
[9 9 9 9 9 9]
[9 9 9 9 9 9] [0 0 1 0 1 1]
[1 1 0 1 0 0]
[0 0 1 1 0 1]
[1 1 0 0 1 0]
[1 0 1 1 0 0]
[0 1 0 0 1 1]
6  27  0.0785059928894  7  1 [9 9 9 9 9 9]
[9 9 9 9 9 9]
[0 1 9 9 9 9]
[9 1 9 1 0 9]
[9 0 9 9 9 1]
[9 9 0 9 0 9] [0 1 0 1 1 0]
[1 0 1 0 1 0]
[0 1 1 0 0 1]
[1 1 0 1 0 0]
[0 0 1 0 1 1]
[1 0 0 1 0 1]
6  27  0.119286060333  12  3 [9 9 9 9 9 9]
[9 9 9 9 9 9]
[0 9 9 9 9 9]
[9 1 9 9 0 9]
[9 9 9 9 9 9]
[9 9 9 9 9 9] [0 0 1 0 1 1]
[1 1 0 0 1 0]
[0 0 1 1 0 1]
[0 1 0 1 0 1]
[1 0 1 0 1 0]
[1 1 0 1 0 0]
6  27  0.0956399440765  12  3 [9 9 9 9 9 9]
[9 9 9 9 9 9]
[0 9 9 9 9 9]
[9 1 9 9 0 9]
[9 9 9 9 9 9]
[9 9 9 9 9 9] [0 0 1 0 1 1]
[1 1 0 0 1 0]
[0 0 1 1 0 1]
[0 1 0 1 0 1]
[1 0 1 0 1 0]
[1 1 0 1 0 0]
6  27  0.134695053101  19  4 [9 9 9 9 9 9]
[9 9 9 9 9 9]
[0 9 9 9 9 9]
[9 9 9 9 9 9]
[9 9 9 9 9 9]
[9 9 9 9 9 9] [0 0 1 0 1 1]
[1 1 0 1 0 0]
[0 0 1 1 0 1]
[1 1 0 0 1 0]
[1 0 1 1 0 0]
[0 1 0 0 1 1]
6  27  0.138967990875  21  4 [9 9 9 9 9 9]
[9 9 9 9 9 9]
[9 9 9 9 9 9]
[9 9 9 9 9 9]
[9 9 9 9 9 9]
[9 9 9 9 9 9] [0 0 1 0 1 1]
[1 1 0 1 0 0]
[0 0 1 1 0 1]
[1 1 0 0 1 0]
[1 0 1 1 0 0]
[0 1 0 0 1 1]
6  27  0.129533052444  21  4 [9 9 9 9 9 9]
[9 9 9 9 9 9]
[9 9 9 9 9 9]
[9 9 9 9 9 9]
[9 9 9 9 9 9]
[9 9 9 9 9 9] [0 0 1 0 1 1]
[1 1 0 1 0 0]
[0 0 1 1 0 1]
[1 1 0 0 1 0]
[1 0 1 1 0 0]
[0 1 0 0 1 1]
6  27  0.13055896759  21  4 [9 9 9 9 9 9]
[9 9 9 9 9 9]
[9 9 9 9 9 9]
[9 9 9 9 9 9]
[9 9 9 9 9 9]
[9 9 9 9 9 9] [0 0 1 0 1 1]
[1 1 0 1 0 0]
[0 0 1 1 0 1]
[1 1 0 0 1 0]
[1 0 1 1 0 0]
[0 1 0 0 1 1]
6  27  0.0579860210419  6  0 [9 9 0 1 9 9]
[9 9 9 9 9 0]
[0 9 9 9 9 9]
[9 9 9 9 1 9]
[9 9 9 1 9 9]
[9 0 1 9 1 9] [0 1 0 1 0 1]
[1 0 0 1 1 0]
[0 1 1 0 0 1]
[0 0 1 0 1 1]
[1 1 0 1 0 0]
[1 0 1 0 1 0]
6  27  0.133553028107  21  4 [9 9 9 9 9 9]
[9 9 9 9 9 9]
[9 9 9 9 9 9]
[9 9 9 9 9 9]
[9 9 9 9 9 9]
[9 9 9 9 9 9] [0 0 1 0 1 1]
[1 1 0 1 0 0]
[0 0 1 1 0 1]
[1 1 0 0 1 0]
[1 0 1 1 0 0]
[0 1 0 0 1 1]
6  27  0.127862930298  21  4 [9 9 9 9 9 9]
[9 9 9 9 9 9]
[9 9 9 9 9 9]
[9 9 9 9 9 9]
[9 9 9 9 9 9]
[9 9 9 9 9 9] [0 0 1 0 1 1]
[1 1 0 1 0 0]
[0 0 1 1 0 1]
[1 1 0 0 1 0]
[1 0 1 1 0 0]
[0 1 0 0 1 1]
6  27  0.133817195892  21  4 [9 9 9 9 9 9]
[9 9 9 9 9 9]
[9 9 9 9 9 9]
[9 9 9 9 9 9]
[9 9 9 9 9 9]
[9 9 9 9 9 9] [0 0 1 0 1 1]
[1 1 0 1 0 0]
[0 0 1 1 0 1]
[1 1 0 0 1 0]
[1 0 1 1 0 0]
[0 1 0 0 1 1]
6  27  0.131804943085  21  4 [9 9 9 9 9 9]
[9 9 9 9 9 9]
[9 9 9 9 9 9]
[9 9 9 9 9 9]
[9 9 9 9 9 9]
[9 9 9 9 9 9] [0 0 1 0 1 1]
[1 1 0 1 0 0]
[0 0 1 1 0 1]
[1 1 0 0 1 0]
[1 0 1 1 0 0]
[0 1 0 0 1 1]
6  27  0.159420013428  21  4 [9 9 9 9 9 9]
[9 9 9 9 9 9]
[9 9 9 9 9 9]
[9 9 9 9 9 9]
[9 9 9 9 9 9]
[9 9 9 9 9 9] [0 0 1 0 1 1]
[1 1 0 1 0 0]
[0 0 1 1 0 1]
[1 1 0 0 1 0]
[1 0 1 1 0 0]
[0 1 0 0 1 1]
6  27  0.130288124084  21  4 [9 9 9 9 9 9]
[9 9 9 9 9 9]
[9 9 9 9 9 9]
[9 9 9 9 9 9]
[9 9 9 9 9 9]
[9 9 9 9 9 9] [0 0 1 0 1 1]
[1 1 0 1 0 0]
[0 0 1 1 0 1]
[1 1 0 0 1 0]
[1 0 1 1 0 0]
[0 1 0 0 1 1]
6  27  0.0835258960724  10  2 [9 9 0 9 0 9]
[9 9 9 9 1 0]
[1 9 9 9 0 1]
[9 9 9 9 9 9]
[0 9 9 9 9 9]
[9 9 9 1 9 9] [0 1 0 1 0 1]
[0 1 1 0 1 0]
[1 0 1 0 0 1]
[1 1 0 1 0 0]
[0 0 1 0 1 1]
[1 0 0 1 1 0]
6  27  0.131427049637  21  4 [9 9 9 9 9 9]
[9 9 9 9 9 9]
[9 9 9 9 9 9]
[9 9 9 9 9 9]
[9 9 9 9 9 9]
[9 9 9 9 9 9] [0 0 1 0 1 1]
[1 1 0 1 0 0]
[0 0 1 1 0 1]
[1 1 0 0 1 0]
[1 0 1 1 0 0]
[0 1 0 0 1 1]
6  27  0.128150224686  21  4 [9 9 9 9 9 9]
[9 9 9 9 9 9]
[9 9 9 9 9 9]
[9 9 9 9 9 9]
[9 9 9 9 9 9]
[9 9 9 9 9 9] [0 0 1 0 1 1]
[1 1 0 1 0 0]
[0 0 1 1 0 1]
[1 1 0 0 1 0]
[1 0 1 1 0 0]
[0 1 0 0 1 1]
6  27  0.128393888474  21  4 [9 9 9 9 9 9]
[9 9 9 9 9 9]
[9 9 9 9 9 9]
[9 9 9 9 9 9]
[9 9 9 9 9 9]
[9 9 9 9 9 9] [0 0 1 0 1 1]
[1 1 0 1 0 0]
[0 0 1 1 0 1]
[1 1 0 0 1 0]
[1 0 1 1 0 0]
[0 1 0 0 1 1]
6  27  0.131422996521  21  4 [9 9 9 9 9 9]
[9 9 9 9 9 9]
[9 9 9 9 9 9]
[9 9 9 9 9 9]
[9 9 9 9 9 9]
[9 9 9 9 9 9] [0 0 1 0 1 1]
[1 1 0 1 0 0]
[0 0 1 1 0 1]
[1 1 0 0 1 0]
[1 0 1 1 0 0]
[0 1 0 0 1 1]
6  27  0.130994081497  21  4 [9 9 9 9 9 9]
[9 9 9 9 9 9]
[9 9 9 9 9 9]
[9 9 9 9 9 9]
[9 9 9 9 9 9]
[9 9 9 9 9 9] [0 0 1 0 1 1]
[1 1 0 1 0 0]
[0 0 1 1 0 1]
[1 1 0 0 1 0]
[1 0 1 1 0 0]
[0 1 0 0 1 1]
6  27  0.135793209076  21  4 [9 9 9 9 9 9]
[9 9 9 9 9 9]
[9 9 9 9 9 9]
[9 9 9 9 9 9]
[9 9 9 9 9 9]
[9 9 9 9 9 9] [0 0 1 0 1 1]
[1 1 0 1 0 0]
[0 0 1 1 0 1]
[1 1 0 0 1 0]
[1 0 1 1 0 0]
[0 1 0 0 1 1]
6  27  0.0776748657227  7  1 [1 9 9 1 9 9]
[9 9 9 9 9 9]
[9 1 1 9 9 1]
[9 0 0 9 9 9]
[9 9 9 9 9 0]
[9 9 9 1 9 9] [1 0 0 1 0 1]
[0 1 1 0 1 0]
[0 1 1 0 0 1]
[1 0 0 1 1 0]
[1 1 0 0 1 0]
[0 0 1 1 0 1]
6  27  0.0967879295349  11  2 [9 9 9 9 9 9]
[9 9 9 9 9 9]
[9 9 9 9 9 1]
[9 9 0 9 9 9]
[9 9 9 9 9 0]
[9 9 9 9 9 9] [0 0 1 0 1 1]
[1 1 0 1 0 0]
[1 0 1 0 0 1]
[0 1 0 0 1 1]
[1 0 1 1 0 0]
[0 1 0 1 1 0]
6  27  0.138305902481  21  4 [9 9 9 9 9 9]
[9 9 9 9 9 9]
[9 9 9 9 9 9]
[9 9 9 9 9 9]
[9 9 9 9 9 9]
[9 9 9 9 9 9] [0 0 1 0 1 1]
[1 1 0 1 0 0]
[0 0 1 1 0 1]
[1 1 0 0 1 0]
[1 0 1 1 0 0]
[0 1 0 0 1 1]
6  27  0.131592988968  21  4 [9 9 9 9 9 9]
[9 9 9 9 9 9]
[9 9 9 9 9 9]
[9 9 9 9 9 9]
[9 9 9 9 9 9]
[9 9 9 9 9 9] [0 0 1 0 1 1]
[1 1 0 1 0 0]
[0 0 1 1 0 1]
[1 1 0 0 1 0]
[1 0 1 1 0 0]
[0 1 0 0 1 1]
6  27  0.131413936615  21  4 [9 9 9 9 9 9]
[9 9 9 9 9 9]
[9 9 9 9 9 9]
[9 9 9 9 9 9]
[9 9 9 9 9 9]
[9 9 9 9 9 9] [0 0 1 0 1 1]
[1 1 0 1 0 0]
[0 0 1 1 0 1]
[1 1 0 0 1 0]
[1 0 1 1 0 0]
[0 1 0 0 1 1]
6  27  0.135615110397  21  4 [9 9 9 9 9 9]
[9 9 9 9 9 9]
[9 9 9 9 9 9]
[9 9 9 9 9 9]
[9 9 9 9 9 9]
[9 9 9 9 9 9] [0 0 1 0 1 1]
[1 1 0 1 0 0]
[0 0 1 1 0 1]
[1 1 0 0 1 0]
[1 0 1 1 0 0]
[0 1 0 0 1 1]
6  27  0.128221035004  21  4 [9 9 9 9 9 9]
[9 9 9 9 9 9]
[9 9 9 9 9 9]
[9 9 9 9 9 9]
[9 9 9 9 9 9]
[9 9 9 9 9 9] [0 0 1 0 1 1]
[1 1 0 1 0 0]
[0 0 1 1 0 1]
[1 1 0 0 1 0]
[1 0 1 1 0 0]
[0 1 0 0 1 1]
6  27  0.0690290927887  6  0 [9 1 9 9 1 9]
[9 9 9 9 9 9]
[0 9 9 9 9 1]
[0 1 9 9 9 9]
[9 9 9 9 0 0]
[9 9 1 9 9 9] [0 1 0 0 1 1]
[1 0 0 1 1 0]
[0 0 1 1 0 1]
[0 1 1 0 1 0]
[1 1 0 1 0 0]
[1 0 1 0 0 1]
6  27  0.112099885941  16  3 [9 9 9 9 9 9]
[9 9 9 9 9 9]
[9 9 9 9 9 1]
[9 9 9 9 9 9]
[9 9 9 9 9 9]
[9 9 9 9 9 9] [0 0 1 0 1 1]
[1 1 0 1 0 0]
[1 0 0 1 0 1]
[0 1 1 0 1 0]
[0 0 1 1 0 1]
[1 1 0 0 1 0]
6  27  0.133446931839  21  4 [9 9 9 9 9 9]
[9 9 9 9 9 9]
[9 9 9 9 9 9]
[9 9 9 9 9 9]
[9 9 9 9 9 9]
[9 9 9 9 9 9] [0 0 1 0 1 1]
[1 1 0 1 0 0]
[0 0 1 1 0 1]
[1 1 0 0 1 0]
[1 0 1 1 0 0]
[0 1 0 0 1 1]
6  27  0.129796028137  21  4 [9 9 9 9 9 9]
[9 9 9 9 9 9]
[9 9 9 9 9 9]
[9 9 9 9 9 9]
[9 9 9 9 9 9]
[9 9 9 9 9 9] [0 0 1 0 1 1]
[1 1 0 1 0 0]
[0 0 1 1 0 1]
[1 1 0 0 1 0]
[1 0 1 1 0 0]
[0 1 0 0 1 1]
6  27  0.125532865524  21  4 [9 9 9 9 9 9]
[9 9 9 9 9 9]
[9 9 9 9 9 9]
[9 9 9 9 9 9]
[9 9 9 9 9 9]
[9 9 9 9 9 9] [0 0 1 0 1 1]
[1 1 0 1 0 0]
[0 0 1 1 0 1]
[1 1 0 0 1 0]
[1 0 1 1 0 0]
[0 1 0 0 1 1]
